Country,Size,Sector,Industry,Location,NUTS3_ID,COUNTY_ID,State,Name,Growth,Borrow,Shrink,EWS
USA,Large,Technology,Software,"Dillingham, AK, USA",,2070.0,AK,Name6010526,True,False,False,Medium
USA,Large,Technology,Software,"Dillingham, AK, USA",,2070.0,AK,Name6010527,True,True,False,Low
USA,Large,Technology,Software,"Dillingham, AK, USA",,2070.0,AK,Name6010528,True,True,False,Medium
USA,Large,Technology,Software,"Dillingham, AK, USA",,2070.0,AK,Name6010529,True,True,False,Low
USA,Large,Technology,Software,"Dillingham, AK, USA",,2070.0,AK,Name6010530,True,False,False,High
USA,Large,Technology,Software,"Dillingham, AK, USA",,2070.0,AK,Name6010533,False,True,False,Severe
USA,Large,Technology,Software,"Dillingham, AK, USA",,2070.0,AK,Name6010535,True,False,False,High
USA,Large,Technology,Software,"Dillingham, AK, USA",,2070.0,AK,Name6010536,False,True,False,Medium
USA,Large,Technology,Hardware,"Dillingham, AK, USA",,2070.0,AK,Name6010537,False,False,True,Medium
USA,Large,Technology,Hardware,"Dillingham, AK, USA",,2070.0,AK,Name6010538,True,True,False,Medium
USA,Large,Technology,Hardware,"Dillingham, AK, USA",,2070.0,AK,Name6010539,True,True,False,Medium
USA,Large,Technology,Hardware,"Dillingham, AK, USA",,2070.0,AK,Name6010540,True,True,False,Medium
USA,Large,Technology,Hardware,"Dillingham, AK, USA",,2070.0,AK,Name6010542,False,False,True,Low
USA,Large,Technology,Hardware,"Dillingham, AK, USA",,2070.0,AK,Name6010543,True,True,False,Severe
USA,Large,Technology,Hardware,"Dillingham, AK, USA",,2070.0,AK,Name6010544,True,False,False,Severe
USA,Large,Technology,Hardware,"Dillingham, AK, USA",,2070.0,AK,Name6010545,True,True,False,Medium
USA,Large,Technology,Hardware,"Dillingham, AK, USA",,2070.0,AK,Name6010546,False,True,False,High
USA,Large,Technology,Hardware,"Dillingham, AK, USA",,2070.0,AK,Name6010547,False,False,True,High
USA,Large,Technology,Hardware,"Dillingham, AK, USA",,2070.0,AK,Name6010548,False,True,False,Severe
USA,Large,Technology,Hardware,"Dillingham, AK, USA",,2070.0,AK,Name6010549,True,False,False,Low
USA,Large,Technology,Hardware,"Dillingham, AK, USA",,2070.0,AK,Name6010550,True,True,False,Severe
USA,Large,Technology,Hardware,"Dillingham, AK, USA",,2070.0,AK,Name6010551,False,True,False,High
USA,Large,Technology,Hardware,"Dillingham, AK, USA",,2070.0,AK,Name6010552,False,True,True,Medium
USA,Large,Technology,Hardware,"Dillingham, AK, USA",,2070.0,AK,Name6010553,False,True,False,Medium
USA,Large,Technology,Hardware,"Dillingham, AK, USA",,2070.0,AK,Name6010554,False,True,False,Severe
USA,Large,Technology,Hardware,"Dillingham, AK, USA",,2070.0,AK,Name6010556,False,True,False,Medium
USA,Large,Technology,Hardware,"Dillingham, AK, USA",,2070.0,AK,Name6010557,True,True,False,Severe
USA,Large,Technology,Hardware,"Dillingham, AK, USA",,2070.0,AK,Name6010558,True,True,False,Severe
USA,Large,Technology,Hardware,"Dillingham, AK, USA",,2070.0,AK,Name6010559,True,True,False,Low
USA,Large,Technology,Hardware,"Dillingham, AK, USA",,2070.0,AK,Name6010561,True,True,False,Medium
USA,Large,Technology,Hardware,"Dillingham, AK, USA",,2070.0,AK,Name6010562,False,False,True,High
USA,Large,Technology,Hardware,"Dillingham, AK, USA",,2070.0,AK,Name6010563,True,True,False,Medium
USA,Large,Technology,Hardware,"Dillingham, AK, USA",,2070.0,AK,Name6010564,True,False,False,Low
USA,Large,Technology,Hardware,"Dillingham, AK, USA",,2070.0,AK,Name6010565,False,True,False,Medium
USA,Large,Technology,Hardware,"Dillingham, AK, USA",,2070.0,AK,Name6010566,False,True,True,Severe
USA,Large,Technology,Hardware,"Dillingham, AK, USA",,2070.0,AK,Name6010567,True,False,False,Medium
USA,Large,Technology,Hardware,"Dillingham, AK, USA",,2070.0,AK,Name6010568,True,False,False,Severe
USA,Large,Technology,Hardware,"Dillingham, AK, USA",,2070.0,AK,Name6010569,False,True,False,Medium
USA,Large,Technology,Hardware,"Dillingham, AK, USA",,2070.0,AK,Name6010570,False,True,False,Low
USA,Large,Technology,Hardware,"Dillingham, AK, USA",,2070.0,AK,Name6010571,False,True,True,High
USA,Large,Technology,IT Services,"Dillingham, AK, USA",,2070.0,AK,Name6010573,False,True,False,Low
USA,Large,Technology,IT Services,"Dillingham, AK, USA",,2070.0,AK,Name6010574,True,True,False,Low
USA,Large,Technology,IT Services,"Dillingham, AK, USA",,2070.0,AK,Name6010575,False,True,False,High
USA,Large,Technology,IT Services,"Dillingham, AK, USA",,2070.0,AK,Name6010576,True,False,False,Medium
USA,Large,Technology,IT Services,"Dillingham, AK, USA",,2070.0,AK,Name6010578,True,True,False,Medium
USA,Large,Technology,IT Services,"Dillingham, AK, USA",,2070.0,AK,Name6010579,False,True,False,Medium
USA,Large,Technology,IT Services,"Dillingham, AK, USA",,2070.0,AK,Name6010581,True,False,False,Low
USA,Large,Technology,IT Services,"Dillingham, AK, USA",,2070.0,AK,Name6010582,True,False,False,Severe
USA,Large,Technology,IT Services,"Dillingham, AK, USA",,2070.0,AK,Name6010583,False,False,True,Severe
USA,Large,Technology,IT Services,"Dillingham, AK, USA",,2070.0,AK,Name6010584,True,False,False,Low
USA,Large,Technology,IT Services,"Dillingham, AK, USA",,2070.0,AK,Name6010586,False,True,True,High
USA,Large,Technology,IT Services,"Dillingham, AK, USA",,2070.0,AK,Name6010587,True,False,False,Medium
USA,Large,Technology,IT Services,"Dillingham, AK, USA",,2070.0,AK,Name6010589,False,True,False,Severe
USA,Large,Technology,IT Services,"Dillingham, AK, USA",,2070.0,AK,Name6010590,True,False,False,Low
USA,Large,Technology,IT Services,"Dillingham, AK, USA",,2070.0,AK,Name6010591,False,True,False,Low
USA,Large,Technology,IT Services,"Dillingham, AK, USA",,2070.0,AK,Name6010592,True,True,False,Low
USA,Large,Technology,IT Services,"Dillingham, AK, USA",,2070.0,AK,Name6010593,False,True,False,Low
USA,Large,Technology,IT Services,"Dillingham, AK, USA",,2070.0,AK,Name6010594,True,True,False,High
USA,Large,Technology,IT Services,"Dillingham, AK, USA",,2070.0,AK,Name6010595,True,True,False,Low
USA,Large,Technology,IT Services,"Dillingham, AK, USA",,2070.0,AK,Name6010596,True,True,False,Low
USA,Large,Healthcare,Pharmaceuticals,"Dillingham, AK, USA",,2070.0,AK,Name6010597,True,False,False,Medium
USA,Large,Healthcare,Pharmaceuticals,"Dillingham, AK, USA",,2070.0,AK,Name6010599,False,True,False,Low
USA,Large,Healthcare,Pharmaceuticals,"Dillingham, AK, USA",,2070.0,AK,Name6010601,False,False,True,Low
USA,Large,Healthcare,Medical Devices,"Dillingham, AK, USA",,2070.0,AK,Name6010602,True,True,False,Low
USA,Large,Healthcare,Medical Devices,"Dillingham, AK, USA",,2070.0,AK,Name6010603,False,False,True,Medium
USA,Large,Healthcare,Medical Devices,"Dillingham, AK, USA",,2070.0,AK,Name6010604,True,False,False,Severe
USA,Large,Healthcare,Medical Devices,"Dillingham, AK, USA",,2070.0,AK,Name6010605,False,True,False,Severe
USA,Large,Healthcare,Medical Devices,"Dillingham, AK, USA",,2070.0,AK,Name6010606,False,True,True,Low
USA,Large,Healthcare,Medical Devices,"Dillingham, AK, USA",,2070.0,AK,Name6010607,True,False,False,High
USA,Large,Healthcare,Medical Devices,"Dillingham, AK, USA",,2070.0,AK,Name6010608,True,True,False,High
USA,Large,Healthcare,Medical Devices,"Dillingham, AK, USA",,2070.0,AK,Name6010609,False,True,False,Low
USA,Large,Healthcare,Medical Devices,"Dillingham, AK, USA",,2070.0,AK,Name6010610,False,True,True,High
USA,Large,Healthcare,Healthcare Services,"Dillingham, AK, USA",,2070.0,AK,Name6010612,True,False,False,Severe
USA,Large,Healthcare,Healthcare Services,"Dillingham, AK, USA",,2070.0,AK,Name6010614,True,False,False,High
USA,Large,Healthcare,Healthcare Services,"Dillingham, AK, USA",,2070.0,AK,Name6010616,False,True,True,Severe
USA,Large,Healthcare,Healthcare Services,"Dillingham, AK, USA",,2070.0,AK,Name6010617,False,True,False,Low
USA,Large,Healthcare,Healthcare Services,"Dillingham, AK, USA",,2070.0,AK,Name6010618,True,False,False,High
USA,Large,Finance,Banking,"Dillingham, AK, USA",,2070.0,AK,Name6010619,False,True,False,High
USA,Large,Finance,Banking,"Dillingham, AK, USA",,2070.0,AK,Name6010620,False,True,True,Severe
USA,Large,Finance,Banking,"Dillingham, AK, USA",,2070.0,AK,Name6010621,True,False,False,High
USA,Large,Finance,Banking,"Dillingham, AK, USA",,2070.0,AK,Name6010622,False,False,True,Medium
USA,Large,Finance,Banking,"Dillingham, AK, USA",,2070.0,AK,Name6010623,False,True,True,High
USA,Large,Finance,Banking,"Dillingham, AK, USA",,2070.0,AK,Name6010624,False,True,True,Severe
USA,Large,Finance,Banking,"Dillingham, AK, USA",,2070.0,AK,Name6010625,False,False,True,Medium
USA,Large,Finance,Banking,"Dillingham, AK, USA",,2070.0,AK,Name6010626,False,True,False,Medium
USA,Large,Finance,Banking,"Dillingham, AK, USA",,2070.0,AK,Name6010628,False,True,True,Medium
USA,Large,Finance,Banking,"Dillingham, AK, USA",,2070.0,AK,Name6010629,False,True,False,Severe
USA,Large,Finance,Banking,"Dillingham, AK, USA",,2070.0,AK,Name6010630,True,False,False,Medium
USA,Large,Finance,Banking,"Dillingham, AK, USA",,2070.0,AK,Name6010631,True,True,False,High
USA,Large,Finance,Banking,"Dillingham, AK, USA",,2070.0,AK,Name6010632,False,True,True,Low
USA,Large,Finance,Banking,"Dillingham, AK, USA",,2070.0,AK,Name6010633,True,True,False,Medium
USA,Large,Finance,Banking,"Dillingham, AK, USA",,2070.0,AK,Name6010634,True,False,False,Medium
USA,Large,Finance,Banking,"Dillingham, AK, USA",,2070.0,AK,Name6010635,True,False,False,High
USA,Large,Finance,Banking,"Dillingham, AK, USA",,2070.0,AK,Name6010636,False,False,True,High
USA,Large,Finance,Banking,"Dillingham, AK, USA",,2070.0,AK,Name6010637,False,False,True,Low
USA,Large,Finance,Banking,"Dillingham, AK, USA",,2070.0,AK,Name6010638,True,False,False,Severe
USA,Large,Finance,Banking,"Dillingham, AK, USA",,2070.0,AK,Name6010639,True,False,False,Medium
USA,Large,Finance,Banking,"Dillingham, AK, USA",,2070.0,AK,Name6010640,False,True,False,Low
USA,Large,Finance,Banking,"Dillingham, AK, USA",,2070.0,AK,Name6010641,False,False,True,Medium
USA,Large,Finance,Banking,"Dillingham, AK, USA",,2070.0,AK,Name6010643,False,False,True,High
USA,Large,Finance,Banking,"Dillingham, AK, USA",,2070.0,AK,Name6010644,True,True,False,Severe
USA,Large,Finance,Banking,"Dillingham, AK, USA",,2070.0,AK,Name6010645,False,True,True,Medium
USA,Large,Finance,Banking,"Dillingham, AK, USA",,2070.0,AK,Name6010646,True,True,False,High
USA,Large,Finance,Banking,"Dillingham, AK, USA",,2070.0,AK,Name6010648,False,False,True,Medium
USA,Large,Finance,Banking,"Dillingham, AK, USA",,2070.0,AK,Name6010649,False,True,True,Severe
USA,Large,Finance,Banking,"Dillingham, AK, USA",,2070.0,AK,Name6010650,True,False,False,Severe
USA,Large,Finance,Banking,"Dillingham, AK, USA",,2070.0,AK,Name6010651,True,False,False,Low
USA,Large,Finance,Insurance,"Dillingham, AK, USA",,2070.0,AK,Name6010652,False,False,True,Low
USA,Large,Finance,Insurance,"Dillingham, AK, USA",,2070.0,AK,Name6010654,True,True,False,Severe
USA,Large,Finance,Insurance,"Dillingham, AK, USA",,2070.0,AK,Name6010655,False,True,True,Low
USA,Large,Finance,Insurance,"Dillingham, AK, USA",,2070.0,AK,Name6010656,False,True,True,Low
USA,Large,Finance,Insurance,"Dillingham, AK, USA",,2070.0,AK,Name6010657,False,True,False,Low
USA,Large,Finance,Insurance,"Dillingham, AK, USA",,2070.0,AK,Name6010658,False,True,True,Low
USA,Large,Finance,Insurance,"Dillingham, AK, USA",,2070.0,AK,Name6010659,True,False,False,High
USA,Large,Finance,Insurance,"Dillingham, AK, USA",,2070.0,AK,Name6010660,False,True,True,Medium
USA,Large,Finance,Insurance,"Dillingham, AK, USA",,2070.0,AK,Name6010661,True,False,False,Severe
USA,Large,Finance,Insurance,"Dillingham, AK, USA",,2070.0,AK,Name6010662,True,True,False,Severe
USA,Large,Finance,Insurance,"Dillingham, AK, USA",,2070.0,AK,Name6010663,True,True,False,Severe
USA,Large,Finance,Investment Services,"Dillingham, AK, USA",,2070.0,AK,Name6010664,True,False,False,Severe
USA,Large,Finance,Investment Services,"Dillingham, AK, USA",,2070.0,AK,Name6010667,True,False,False,High
USA,Large,Finance,Investment Services,"Dillingham, AK, USA",,2070.0,AK,Name6010668,False,False,True,Severe
USA,Large,Finance,Investment Services,"Dillingham, AK, USA",,2070.0,AK,Name6010669,False,True,False,Medium
USA,Large,Finance,Investment Services,"Dillingham, AK, USA",,2070.0,AK,Name6010670,True,False,False,Low
USA,Large,Finance,Investment Services,"Dillingham, AK, USA",,2070.0,AK,Name6010671,False,True,True,High
USA,Large,Finance,Investment Services,"Dillingham, AK, USA",,2070.0,AK,Name6010672,False,False,True,Low
USA,Large,Finance,Investment Services,"Dillingham, AK, USA",,2070.0,AK,Name6010673,True,True,False,Severe
USA,Large,Finance,Investment Services,"Dillingham, AK, USA",,2070.0,AK,Name6010674,False,True,True,High
USA,Large,Finance,Investment Services,"Dillingham, AK, USA",,2070.0,AK,Name6010676,False,True,True,High
USA,Large,Finance,Investment Services,"Dillingham, AK, USA",,2070.0,AK,Name6010677,False,True,True,Medium
USA,Large,Finance,Investment Services,"Dillingham, AK, USA",,2070.0,AK,Name6010679,True,False,False,High
USA,Large,Energy,Oil & Gas,"Dillingham, AK, USA",,2070.0,AK,Name6010680,False,False,True,Severe
USA,Large,Energy,Oil & Gas,"Dillingham, AK, USA",,2070.0,AK,Name6010681,False,True,True,Low
USA,Large,Energy,Oil & Gas,"Dillingham, AK, USA",,2070.0,AK,Name6010682,False,True,False,Medium
USA,Large,Energy,Oil & Gas,"Dillingham, AK, USA",,2070.0,AK,Name6010683,False,True,True,Medium
USA,Large,Energy,Oil & Gas,"Dillingham, AK, USA",,2070.0,AK,Name6010685,False,True,False,Low
USA,Large,Energy,Oil & Gas,"Dillingham, AK, USA",,2070.0,AK,Name6010686,False,False,True,High
USA,Large,Energy,Oil & Gas,"Dillingham, AK, USA",,2070.0,AK,Name6010687,False,True,True,Low
USA,Large,Energy,Oil & Gas,"Dillingham, AK, USA",,2070.0,AK,Name6010688,True,True,False,Low
USA,Large,Energy,Oil & Gas,"Dillingham, AK, USA",,2070.0,AK,Name6010689,True,False,False,High
USA,Large,Energy,Oil & Gas,"Dillingham, AK, USA",,2070.0,AK,Name6010690,True,False,False,Severe
USA,Large,Energy,Oil & Gas,"Dillingham, AK, USA",,2070.0,AK,Name6010691,True,False,False,Medium
USA,Large,Energy,Oil & Gas,"Dillingham, AK, USA",,2070.0,AK,Name6010692,False,True,True,High
USA,Large,Energy,Oil & Gas,"Dillingham, AK, USA",,2070.0,AK,Name6010693,True,False,False,Severe
USA,Large,Energy,Oil & Gas,"Dillingham, AK, USA",,2070.0,AK,Name6010694,True,False,False,High
USA,Large,Energy,Oil & Gas,"Dillingham, AK, USA",,2070.0,AK,Name6010695,False,True,True,Low
USA,Large,Energy,Oil & Gas,"Dillingham, AK, USA",,2070.0,AK,Name6010696,False,True,True,Severe
USA,Large,Energy,Oil & Gas,"Dillingham, AK, USA",,2070.0,AK,Name6010697,False,True,False,High
USA,Large,Energy,Oil & Gas,"Dillingham, AK, USA",,2070.0,AK,Name6010698,True,True,False,High
USA,Large,Energy,Oil & Gas,"Dillingham, AK, USA",,2070.0,AK,Name6010699,False,False,True,Medium
USA,Large,Energy,Oil & Gas,"Dillingham, AK, USA",,2070.0,AK,Name6010700,True,True,False,Medium
USA,Large,Energy,Oil & Gas,"Dillingham, AK, USA",,2070.0,AK,Name6010701,True,False,False,Severe
USA,Large,Energy,Oil & Gas,"Dillingham, AK, USA",,2070.0,AK,Name6010703,True,True,False,High
USA,Large,Energy,Oil & Gas,"Dillingham, AK, USA",,2070.0,AK,Name6010704,True,True,False,High
USA,Large,Energy,Oil & Gas,"Dillingham, AK, USA",,2070.0,AK,Name6010705,False,False,True,Medium
USA,Large,Energy,Oil & Gas,"Dillingham, AK, USA",,2070.0,AK,Name6010706,False,False,True,Low
USA,Large,Energy,Oil & Gas,"Dillingham, AK, USA",,2070.0,AK,Name6010707,True,False,False,Severe
USA,Large,Energy,Oil & Gas,"Dillingham, AK, USA",,2070.0,AK,Name6010709,True,False,False,Severe
USA,Large,Energy,Oil & Gas,"Dillingham, AK, USA",,2070.0,AK,Name6010710,False,False,True,Low
USA,Large,Energy,Oil & Gas,"Dillingham, AK, USA",,2070.0,AK,Name6010711,True,False,False,Medium
USA,Large,Energy,Oil & Gas,"Dillingham, AK, USA",,2070.0,AK,Name6010712,True,True,False,Low
USA,Large,Energy,Oil & Gas,"Dillingham, AK, USA",,2070.0,AK,Name6010713,True,True,False,Medium
USA,Large,Energy,Oil & Gas,"Dillingham, AK, USA",,2070.0,AK,Name6010714,True,False,False,High
USA,Large,Energy,Oil & Gas,"Dillingham, AK, USA",,2070.0,AK,Name6010715,True,True,False,Medium
USA,Large,Energy,Oil & Gas,"Dillingham, AK, USA",,2070.0,AK,Name6010716,True,True,False,Medium
USA,Large,Energy,Oil & Gas,"Dillingham, AK, USA",,2070.0,AK,Name6010717,True,True,False,Medium
USA,Large,Energy,Oil & Gas,"Dillingham, AK, USA",,2070.0,AK,Name6010718,False,False,True,Medium
USA,Large,Energy,Oil & Gas,"Dillingham, AK, USA",,2070.0,AK,Name6010720,False,True,False,Severe
USA,Large,Energy,Oil & Gas,"Dillingham, AK, USA",,2070.0,AK,Name6010721,True,False,False,Medium
USA,Large,Energy,Renewable Energy,"Dillingham, AK, USA",,2070.0,AK,Name6010722,False,True,False,Low
USA,Large,Energy,Renewable Energy,"Dillingham, AK, USA",,2070.0,AK,Name6010723,True,False,False,High
USA,Large,Energy,Renewable Energy,"Dillingham, AK, USA",,2070.0,AK,Name6010725,True,False,False,Low
USA,Large,Energy,Renewable Energy,"Dillingham, AK, USA",,2070.0,AK,Name6010726,True,False,False,Medium
USA,Large,Energy,Renewable Energy,"Dillingham, AK, USA",,2070.0,AK,Name6010727,True,True,False,Medium
USA,Large,Energy,Renewable Energy,"Dillingham, AK, USA",,2070.0,AK,Name6010729,False,True,False,Medium
USA,Large,Energy,Renewable Energy,"Dillingham, AK, USA",,2070.0,AK,Name6010730,True,True,False,Severe
USA,Large,Energy,Renewable Energy,"Dillingham, AK, USA",,2070.0,AK,Name6010731,False,True,False,Low
USA,Large,Energy,Renewable Energy,"Dillingham, AK, USA",,2070.0,AK,Name6010732,True,False,False,Severe
USA,Large,Energy,Renewable Energy,"Dillingham, AK, USA",,2070.0,AK,Name6010733,True,True,False,Low
USA,Large,Energy,Renewable Energy,"Dillingham, AK, USA",,2070.0,AK,Name6010735,False,True,True,Low
USA,Large,Energy,Renewable Energy,"Dillingham, AK, USA",,2070.0,AK,Name6010736,True,True,False,Low
USA,Large,Energy,Renewable Energy,"Dillingham, AK, USA",,2070.0,AK,Name6010737,False,False,True,Severe
USA,Large,Energy,Renewable Energy,"Dillingham, AK, USA",,2070.0,AK,Name6010738,True,False,False,Severe
USA,Large,Energy,Renewable Energy,"Dillingham, AK, USA",,2070.0,AK,Name6010739,False,True,True,High
USA,Large,Energy,Renewable Energy,"Dillingham, AK, USA",,2070.0,AK,Name6010740,True,True,False,High
USA,Large,Energy,Renewable Energy,"Dillingham, AK, USA",,2070.0,AK,Name6010741,True,True,False,High
USA,Large,Energy,Renewable Energy,"Dillingham, AK, USA",,2070.0,AK,Name6010742,True,True,False,Medium
USA,Large,Energy,Renewable Energy,"Dillingham, AK, USA",,2070.0,AK,Name6010744,True,True,False,Medium
USA,Large,Energy,Renewable Energy,"Dillingham, AK, USA",,2070.0,AK,Name6010745,False,True,True,Medium
USA,Large,Energy,Renewable Energy,"Dillingham, AK, USA",,2070.0,AK,Name6010746,False,True,True,Low
USA,Large,Energy,Renewable Energy,"Dillingham, AK, USA",,2070.0,AK,Name6010747,False,True,True,Medium
USA,Large,Energy,Renewable Energy,"Dillingham, AK, USA",,2070.0,AK,Name6010748,True,False,False,Low
USA,Large,Energy,Renewable Energy,"Dillingham, AK, USA",,2070.0,AK,Name6010749,True,False,False,Severe
USA,Large,Energy,Renewable Energy,"Dillingham, AK, USA",,2070.0,AK,Name6010750,True,False,False,High
USA,Large,Energy,Renewable Energy,"Dillingham, AK, USA",,2070.0,AK,Name6010751,True,True,False,High
USA,Large,Energy,Renewable Energy,"Dillingham, AK, USA",,2070.0,AK,Name6010752,True,True,False,Low
USA,Large,Energy,Renewable Energy,"Dillingham, AK, USA",,2070.0,AK,Name6010753,False,True,False,Severe
USA,Large,Energy,Renewable Energy,"Dillingham, AK, USA",,2070.0,AK,Name6010754,False,False,True,High
USA,Large,Energy,Renewable Energy,"Dillingham, AK, USA",,2070.0,AK,Name6010755,True,False,False,Severe
USA,Large,Energy,Energy Exploration,"Dillingham, AK, USA",,2070.0,AK,Name6010756,True,True,False,Severe
USA,Large,Energy,Energy Exploration,"Dillingham, AK, USA",,2070.0,AK,Name6010757,False,False,True,Medium
USA,Large,Energy,Energy Exploration,"Dillingham, AK, USA",,2070.0,AK,Name6010758,False,True,True,Low
USA,Large,Energy,Energy Exploration,"Dillingham, AK, USA",,2070.0,AK,Name6010759,False,False,True,Medium
USA,Large,Energy,Energy Exploration,"Dillingham, AK, USA",,2070.0,AK,Name6010761,True,False,False,Low
USA,Large,Energy,Energy Exploration,"Dillingham, AK, USA",,2070.0,AK,Name6010762,True,False,False,Medium
USA,Large,Energy,Energy Exploration,"Dillingham, AK, USA",,2070.0,AK,Name6010763,True,False,False,High
USA,Large,Energy,Energy Exploration,"Dillingham, AK, USA",,2070.0,AK,Name6010765,True,False,False,Medium
USA,Large,Energy,Energy Exploration,"Dillingham, AK, USA",,2070.0,AK,Name6010766,True,True,False,Low
USA,Large,Energy,Energy Exploration,"Dillingham, AK, USA",,2070.0,AK,Name6010767,False,True,False,High
USA,Large,Energy,Energy Exploration,"Dillingham, AK, USA",,2070.0,AK,Name6010768,False,False,True,Medium
USA,Large,Energy,Energy Exploration,"Dillingham, AK, USA",,2070.0,AK,Name6010769,False,False,True,Low
USA,Large,Energy,Energy Exploration,"Dillingham, AK, USA",,2070.0,AK,Name6010770,False,True,False,Medium
USA,Large,Energy,Energy Exploration,"Dillingham, AK, USA",,2070.0,AK,Name6010771,False,False,True,Low
USA,Large,Energy,Energy Exploration,"Dillingham, AK, USA",,2070.0,AK,Name6010772,False,True,False,Severe
USA,Large,Energy,Energy Exploration,"Dillingham, AK, USA",,2070.0,AK,Name6010773,True,True,False,High
USA,Large,Energy,Energy Exploration,"Dillingham, AK, USA",,2070.0,AK,Name6010774,False,False,True,Low
USA,Large,Energy,Energy Exploration,"Dillingham, AK, USA",,2070.0,AK,Name6010775,False,False,True,High
USA,Large,Energy,Energy Exploration,"Dillingham, AK, USA",,2070.0,AK,Name6010776,True,False,False,Severe
USA,Large,Energy,Energy Exploration,"Dillingham, AK, USA",,2070.0,AK,Name6010777,False,False,True,Severe
USA,Large,Energy,Energy Exploration,"Dillingham, AK, USA",,2070.0,AK,Name6010778,True,False,False,Severe
USA,Large,Energy,Energy Exploration,"Dillingham, AK, USA",,2070.0,AK,Name6010779,True,True,False,Low
USA,Large,Energy,Energy Exploration,"Dillingham, AK, USA",,2070.0,AK,Name6010780,False,True,True,Low
USA,Large,Energy,Energy Exploration,"Dillingham, AK, USA",,2070.0,AK,Name6010782,False,True,False,Medium
USA,Large,Energy,Energy Exploration,"Dillingham, AK, USA",,2070.0,AK,Name6010784,True,True,False,High
USA,Large,Energy,Energy Exploration,"Dillingham, AK, USA",,2070.0,AK,Name6010785,False,True,False,High
USA,Large,Energy,Energy Exploration,"Dillingham, AK, USA",,2070.0,AK,Name6010786,False,False,True,High
USA,Large,Energy,Energy Exploration,"Dillingham, AK, USA",,2070.0,AK,Name6010787,True,False,False,Severe
USA,Large,Energy,Energy Exploration,"Dillingham, AK, USA",,2070.0,AK,Name6010788,True,True,False,Severe
USA,Large,Energy,Energy Exploration,"Dillingham, AK, USA",,2070.0,AK,Name6010789,True,False,False,High
USA,Large,Consumer Goods,Food & Beverage,"Dillingham, AK, USA",,2070.0,AK,Name6010790,True,False,False,Low
USA,Large,Consumer Goods,Food & Beverage,"Dillingham, AK, USA",,2070.0,AK,Name6010791,True,True,False,Severe
USA,Large,Consumer Goods,Food & Beverage,"Dillingham, AK, USA",,2070.0,AK,Name6010792,False,True,False,Low
USA,Large,Consumer Goods,Food & Beverage,"Dillingham, AK, USA",,2070.0,AK,Name6010793,True,False,False,High
USA,Large,Consumer Goods,Food & Beverage,"Dillingham, AK, USA",,2070.0,AK,Name6010794,False,True,True,Medium
USA,Large,Consumer Goods,Food & Beverage,"Dillingham, AK, USA",,2070.0,AK,Name6010795,False,False,True,High
USA,Large,Consumer Goods,Food & Beverage,"Dillingham, AK, USA",,2070.0,AK,Name6010796,True,False,False,High
USA,Large,Consumer Goods,Food & Beverage,"Dillingham, AK, USA",,2070.0,AK,Name6010797,False,True,False,High
USA,Large,Consumer Goods,Food & Beverage,"Dillingham, AK, USA",,2070.0,AK,Name6010798,False,True,True,Severe
USA,Large,Consumer Goods,Food & Beverage,"Dillingham, AK, USA",,2070.0,AK,Name6010799,False,True,False,Severe
USA,Large,Consumer Goods,Food & Beverage,"Dillingham, AK, USA",,2070.0,AK,Name6010801,True,False,False,Severe
USA,Large,Consumer Goods,Food & Beverage,"Dillingham, AK, USA",,2070.0,AK,Name6010802,True,True,False,Severe
USA,Large,Consumer Goods,Food & Beverage,"Dillingham, AK, USA",,2070.0,AK,Name6010803,False,True,True,Medium
USA,Large,Consumer Goods,Food & Beverage,"Dillingham, AK, USA",,2070.0,AK,Name6010804,False,True,True,Low
USA,Large,Consumer Goods,Food & Beverage,"Dillingham, AK, USA",,2070.0,AK,Name6010805,False,True,False,High
USA,Large,Consumer Goods,Food & Beverage,"Dillingham, AK, USA",,2070.0,AK,Name6010806,True,False,False,Medium
USA,Large,Consumer Goods,Food & Beverage,"Dillingham, AK, USA",,2070.0,AK,Name6010807,True,True,False,Severe
USA,Large,Consumer Goods,Food & Beverage,"Dillingham, AK, USA",,2070.0,AK,Name6010808,True,False,False,High
USA,Large,Consumer Goods,Food & Beverage,"Dillingham, AK, USA",,2070.0,AK,Name6010810,False,True,False,Medium
USA,Large,Consumer Goods,Food & Beverage,"Dillingham, AK, USA",,2070.0,AK,Name6010811,True,False,False,Severe
USA,Large,Consumer Goods,Food & Beverage,"Dillingham, AK, USA",,2070.0,AK,Name6010812,True,False,False,Low
USA,Large,Consumer Goods,Food & Beverage,"Dillingham, AK, USA",,2070.0,AK,Name6010813,True,True,False,High
USA,Large,Consumer Goods,Food & Beverage,"Dillingham, AK, USA",,2070.0,AK,Name6010814,True,False,False,High
USA,Large,Consumer Goods,Food & Beverage,"Dillingham, AK, USA",,2070.0,AK,Name6010815,True,False,False,Low
USA,Large,Consumer Goods,Food & Beverage,"Dillingham, AK, USA",,2070.0,AK,Name6010816,True,False,False,Severe
USA,Large,Consumer Goods,Food & Beverage,"Dillingham, AK, USA",,2070.0,AK,Name6010817,False,True,True,Low
USA,Large,Consumer Goods,Food & Beverage,"Dillingham, AK, USA",,2070.0,AK,Name6010818,True,False,False,Low
USA,Large,Consumer Goods,Food & Beverage,"Dillingham, AK, USA",,2070.0,AK,Name6010819,False,True,False,Medium
USA,Large,Consumer Goods,Food & Beverage,"Dillingham, AK, USA",,2070.0,AK,Name6010820,True,True,False,Medium
USA,Large,Consumer Goods,Food & Beverage,"Dillingham, AK, USA",,2070.0,AK,Name6010822,True,False,False,Medium
USA,Large,Consumer Goods,Food & Beverage,"Dillingham, AK, USA",,2070.0,AK,Name6010823,True,True,False,Low
USA,Large,Consumer Goods,Food & Beverage,"Dillingham, AK, USA",,2070.0,AK,Name6010824,True,True,False,High
USA,Large,Consumer Goods,Food & Beverage,"Dillingham, AK, USA",,2070.0,AK,Name6010825,False,False,True,Severe
USA,Large,Consumer Goods,Food & Beverage,"Dillingham, AK, USA",,2070.0,AK,Name6010827,True,True,False,Low
USA,Large,Consumer Goods,Food & Beverage,"Dillingham, AK, USA",,2070.0,AK,Name6010828,False,True,False,Medium
USA,Large,Consumer Goods,Food & Beverage,"Dillingham, AK, USA",,2070.0,AK,Name6010829,True,False,False,Medium
USA,Large,Consumer Goods,Food & Beverage,"Dillingham, AK, USA",,2070.0,AK,Name6010831,True,True,False,High
USA,Large,Consumer Goods,Food & Beverage,"Dillingham, AK, USA",,2070.0,AK,Name6010832,True,True,False,Low
USA,Large,Consumer Goods,Food & Beverage,"Dillingham, AK, USA",,2070.0,AK,Name6010833,False,True,False,High
USA,Large,Consumer Goods,Food & Beverage,"Dillingham, AK, USA",,2070.0,AK,Name6010834,False,False,True,High
USA,Large,Consumer Goods,Food & Beverage,"Dillingham, AK, USA",,2070.0,AK,Name6010835,False,True,True,Low
USA,Large,Consumer Goods,Household Products,"Dillingham, AK, USA",,2070.0,AK,Name6010839,True,True,False,High
USA,Large,Consumer Goods,Household Products,"Dillingham, AK, USA",,2070.0,AK,Name6010840,True,True,False,Low
USA,Large,Consumer Goods,Household Products,"Dillingham, AK, USA",,2070.0,AK,Name6010841,False,True,False,Low
USA,Large,Consumer Goods,Household Products,"Dillingham, AK, USA",,2070.0,AK,Name6010842,False,True,True,High
USA,Large,Consumer Goods,Household Products,"Dillingham, AK, USA",,2070.0,AK,Name6010843,True,False,False,High
USA,Large,Consumer Goods,Household Products,"Dillingham, AK, USA",,2070.0,AK,Name6010844,True,False,False,Low
USA,Large,Consumer Goods,Household Products,"Dillingham, AK, USA",,2070.0,AK,Name6010845,False,False,True,Severe
USA,Large,Consumer Goods,Household Products,"Dillingham, AK, USA",,2070.0,AK,Name6010846,False,True,True,High
USA,Large,Consumer Goods,Household Products,"Dillingham, AK, USA",,2070.0,AK,Name6010847,True,False,False,High
USA,Large,Consumer Goods,Household Products,"Dillingham, AK, USA",,2070.0,AK,Name6010848,False,True,True,High
USA,Large,Consumer Goods,Household Products,"Dillingham, AK, USA",,2070.0,AK,Name6010849,False,True,False,Severe
USA,Large,Consumer Goods,Household Products,"Dillingham, AK, USA",,2070.0,AK,Name6010850,True,True,False,Severe
USA,Large,Consumer Goods,Household Products,"Dillingham, AK, USA",,2070.0,AK,Name6010851,True,True,False,Medium
USA,Large,Consumer Goods,Household Products,"Dillingham, AK, USA",,2070.0,AK,Name6010853,True,True,False,Low
USA,Large,Consumer Goods,Household Products,"Dillingham, AK, USA",,2070.0,AK,Name6010854,False,True,True,Severe
USA,Large,Consumer Goods,Household Products,"Dillingham, AK, USA",,2070.0,AK,Name6010855,False,True,False,High
USA,Large,Consumer Goods,Household Products,"Dillingham, AK, USA",,2070.0,AK,Name6010856,False,False,True,High
USA,Large,Consumer Goods,Household Products,"Dillingham, AK, USA",,2070.0,AK,Name6010857,True,True,False,Low
USA,Large,Consumer Goods,Apparel,"Dillingham, AK, USA",,2070.0,AK,Name6010860,False,False,True,Severe
USA,Large,Consumer Goods,Apparel,"Dillingham, AK, USA",,2070.0,AK,Name6010862,True,True,False,Medium
USA,Large,Consumer Goods,Apparel,"Dillingham, AK, USA",,2070.0,AK,Name6010863,True,True,False,Medium
USA,Large,Utilities,Electric,"Dillingham, AK, USA",,2070.0,AK,Name6010864,True,False,False,Severe
USA,Large,Utilities,Electric,"Dillingham, AK, USA",,2070.0,AK,Name6010866,True,False,False,Severe
USA,Large,Utilities,Electric,"Dillingham, AK, USA",,2070.0,AK,Name6010867,False,False,True,Low
USA,Large,Utilities,Electric,"Dillingham, AK, USA",,2070.0,AK,Name6010869,False,True,False,Medium
USA,Large,Utilities,Electric,"Dillingham, AK, USA",,2070.0,AK,Name6010870,True,True,False,Medium
USA,Large,Utilities,Electric,"Dillingham, AK, USA",,2070.0,AK,Name6010871,True,True,False,Severe
USA,Large,Utilities,Electric,"Dillingham, AK, USA",,2070.0,AK,Name6010872,True,True,False,Severe
USA,Large,Utilities,Electric,"Dillingham, AK, USA",,2070.0,AK,Name6010873,False,True,False,Medium
USA,Large,Utilities,Electric,"Dillingham, AK, USA",,2070.0,AK,Name6010874,False,False,True,Medium
USA,Large,Utilities,Electric,"Dillingham, AK, USA",,2070.0,AK,Name6010876,False,True,True,Severe
USA,Large,Utilities,Electric,"Dillingham, AK, USA",,2070.0,AK,Name6010877,True,True,False,Medium
USA,Large,Utilities,Electric,"Dillingham, AK, USA",,2070.0,AK,Name6010878,False,True,False,Medium
USA,Large,Utilities,Electric,"Dillingham, AK, USA",,2070.0,AK,Name6010879,True,True,False,Low
USA,Large,Utilities,Electric,"Dillingham, AK, USA",,2070.0,AK,Name6010880,False,True,False,High
USA,Large,Utilities,Electric,"Dillingham, AK, USA",,2070.0,AK,Name6010881,False,True,True,Medium
USA,Large,Utilities,Electric,"Dillingham, AK, USA",,2070.0,AK,Name6010882,True,True,False,Medium
USA,Large,Utilities,Electric,"Dillingham, AK, USA",,2070.0,AK,Name6010883,False,True,False,Severe
USA,Large,Utilities,Electric,"Dillingham, AK, USA",,2070.0,AK,Name6010884,True,True,False,Severe
USA,Large,Utilities,Electric,"Dillingham, AK, USA",,2070.0,AK,Name6010885,True,True,False,Severe
USA,Large,Utilities,Electric,"Dillingham, AK, USA",,2070.0,AK,Name6010886,True,False,False,Medium
USA,Large,Utilities,Electric,"Dillingham, AK, USA",,2070.0,AK,Name6010887,True,True,False,High
USA,Large,Utilities,Electric,"Dillingham, AK, USA",,2070.0,AK,Name6010889,False,True,False,Medium
USA,Large,Utilities,Electric,"Dillingham, AK, USA",,2070.0,AK,Name6010890,True,True,False,Medium
USA,Large,Utilities,Electric,"Dillingham, AK, USA",,2070.0,AK,Name6010891,True,True,False,Low
USA,Large,Utilities,Electric,"Dillingham, AK, USA",,2070.0,AK,Name6010892,True,False,False,High
USA,Large,Utilities,Electric,"Dillingham, AK, USA",,2070.0,AK,Name6010893,True,False,False,Low
USA,Large,Utilities,Electric,"Dillingham, AK, USA",,2070.0,AK,Name6010894,True,True,False,Severe
USA,Large,Utilities,Electric,"Dillingham, AK, USA",,2070.0,AK,Name6010895,True,True,False,Severe
USA,Large,Utilities,Electric,"Dillingham, AK, USA",,2070.0,AK,Name6010896,False,True,True,Medium
USA,Large,Utilities,Electric,"Dillingham, AK, USA",,2070.0,AK,Name6010897,True,True,False,Low
USA,Large,Utilities,Electric,"Dillingham, AK, USA",,2070.0,AK,Name6010898,True,False,False,Severe
USA,Large,Utilities,Electric,"Dillingham, AK, USA",,2070.0,AK,Name6010899,True,True,False,Medium
USA,Large,Utilities,Electric,"Dillingham, AK, USA",,2070.0,AK,Name6010901,True,True,False,Low
USA,Large,Utilities,Water,"Dillingham, AK, USA",,2070.0,AK,Name6010902,False,True,False,Severe
USA,Large,Utilities,Water,"Dillingham, AK, USA",,2070.0,AK,Name6010903,False,True,True,Medium
USA,Large,Utilities,Water,"Dillingham, AK, USA",,2070.0,AK,Name6010904,True,True,False,Medium
USA,Large,Utilities,Water,"Dillingham, AK, USA",,2070.0,AK,Name6010905,True,False,False,Medium
USA,Large,Utilities,Water,"Dillingham, AK, USA",,2070.0,AK,Name6010907,True,True,False,Severe
USA,Large,Utilities,Water,"Dillingham, AK, USA",,2070.0,AK,Name6010908,True,False,False,Severe
USA,Large,Utilities,Water,"Dillingham, AK, USA",,2070.0,AK,Name6010910,True,False,False,High
USA,Large,Utilities,Water,"Dillingham, AK, USA",,2070.0,AK,Name6010911,True,True,False,Low
USA,Large,Utilities,Water,"Dillingham, AK, USA",,2070.0,AK,Name6010913,False,False,True,High
USA,Large,Utilities,Water,"Dillingham, AK, USA",,2070.0,AK,Name6010914,True,False,False,Medium
USA,Large,Utilities,Water,"Dillingham, AK, USA",,2070.0,AK,Name6010915,False,True,False,Medium
USA,Large,Utilities,Water,"Dillingham, AK, USA",,2070.0,AK,Name6010916,True,True,False,Low
USA,Large,Utilities,Water,"Dillingham, AK, USA",,2070.0,AK,Name6010917,True,True,False,Low
USA,Large,Utilities,Water,"Dillingham, AK, USA",,2070.0,AK,Name6010918,False,True,False,Medium
USA,Large,Utilities,Water,"Dillingham, AK, USA",,2070.0,AK,Name6010919,True,True,False,Low
USA,Large,Utilities,Water,"Dillingham, AK, USA",,2070.0,AK,Name6010920,True,False,False,Low
USA,Large,Utilities,Water,"Dillingham, AK, USA",,2070.0,AK,Name6010921,False,False,True,Medium
USA,Large,Utilities,Water,"Dillingham, AK, USA",,2070.0,AK,Name6010922,False,False,True,Low
USA,Large,Utilities,Water,"Dillingham, AK, USA",,2070.0,AK,Name6010924,True,False,False,Severe
USA,Large,Utilities,Water,"Dillingham, AK, USA",,2070.0,AK,Name6010926,False,True,False,Low
USA,Large,Utilities,Water,"Dillingham, AK, USA",,2070.0,AK,Name6010927,False,False,True,Low
USA,Large,Utilities,Gas,"Dillingham, AK, USA",,2070.0,AK,Name6010928,True,True,False,Low
USA,Large,Utilities,Gas,"Dillingham, AK, USA",,2070.0,AK,Name6010929,False,True,False,High
USA,Large,Utilities,Gas,"Dillingham, AK, USA",,2070.0,AK,Name6010930,False,True,False,Low
USA,Large,Utilities,Gas,"Dillingham, AK, USA",,2070.0,AK,Name6010931,False,True,False,Medium
USA,Large,Utilities,Gas,"Dillingham, AK, USA",,2070.0,AK,Name6010933,False,True,False,Severe
USA,Large,Utilities,Gas,"Dillingham, AK, USA",,2070.0,AK,Name6010934,True,True,False,High
USA,Large,Utilities,Gas,"Dillingham, AK, USA",,2070.0,AK,Name6010935,True,False,False,High
USA,Large,Utilities,Gas,"Dillingham, AK, USA",,2070.0,AK,Name6010936,True,True,False,Medium
USA,Large,Utilities,Gas,"Dillingham, AK, USA",,2070.0,AK,Name6010937,True,True,False,High
USA,Large,Utilities,Gas,"Dillingham, AK, USA",,2070.0,AK,Name6010938,True,True,False,High
USA,Large,Utilities,Gas,"Dillingham, AK, USA",,2070.0,AK,Name6010939,False,False,True,Low
USA,Large,Utilities,Gas,"Dillingham, AK, USA",,2070.0,AK,Name6010940,True,True,False,High
USA,Large,Utilities,Gas,"Dillingham, AK, USA",,2070.0,AK,Name6010941,True,True,False,Low
USA,Large,Utilities,Gas,"Dillingham, AK, USA",,2070.0,AK,Name6010942,True,True,False,Low
USA,Large,Utilities,Gas,"Dillingham, AK, USA",,2070.0,AK,Name6010943,True,False,False,High
USA,Large,Utilities,Gas,"Dillingham, AK, USA",,2070.0,AK,Name6010944,False,True,True,Low
USA,Large,Utilities,Gas,"Dillingham, AK, USA",,2070.0,AK,Name6010946,False,True,True,Medium
USA,Large,Utilities,Gas,"Dillingham, AK, USA",,2070.0,AK,Name6010947,False,False,True,Medium
USA,Large,Utilities,Gas,"Dillingham, AK, USA",,2070.0,AK,Name6010948,False,True,True,Low
USA,Large,Utilities,Gas,"Dillingham, AK, USA",,2070.0,AK,Name6010949,False,False,True,Low
USA,Large,Utilities,Gas,"Dillingham, AK, USA",,2070.0,AK,Name6010950,True,False,False,Low
USA,Large,Utilities,Gas,"Dillingham, AK, USA",,2070.0,AK,Name6010951,True,True,False,Severe
USA,Large,Utilities,Gas,"Dillingham, AK, USA",,2070.0,AK,Name6010952,False,False,True,Low
USA,Large,Utilities,Gas,"Dillingham, AK, USA",,2070.0,AK,Name6010953,True,False,False,High
USA,Large,Utilities,Gas,"Dillingham, AK, USA",,2070.0,AK,Name6010954,False,True,True,Severe
USA,Large,Utilities,Gas,"Dillingham, AK, USA",,2070.0,AK,Name6010955,False,True,True,Severe
USA,Large,Utilities,Gas,"Dillingham, AK, USA",,2070.0,AK,Name6010956,True,False,False,Low
USA,Large,Utilities,Gas,"Dillingham, AK, USA",,2070.0,AK,Name6010957,False,True,True,Medium
USA,Large,Utilities,Gas,"Dillingham, AK, USA",,2070.0,AK,Name6010958,True,True,False,Low
USA,Large,Utilities,Gas,"Dillingham, AK, USA",,2070.0,AK,Name6010959,False,True,False,Severe
USA,Large,Utilities,Gas,"Dillingham, AK, USA",,2070.0,AK,Name6010960,False,False,True,High
USA,Large,Utilities,Gas,"Dillingham, AK, USA",,2070.0,AK,Name6010961,True,True,False,Severe
USA,Large,Utilities,Gas,"Dillingham, AK, USA",,2070.0,AK,Name6010962,True,True,False,Medium
USA,Large,Utilities,Gas,"Dillingham, AK, USA",,2070.0,AK,Name6010963,True,True,False,High
USA,Large,Utilities,Gas,"Dillingham, AK, USA",,2070.0,AK,Name6010964,True,True,False,Medium
USA,Large,Utilities,Gas,"Dillingham, AK, USA",,2070.0,AK,Name6010965,True,True,False,Medium
USA,Large,Utilities,Gas,"Dillingham, AK, USA",,2070.0,AK,Name6010966,True,True,False,Medium
USA,Large,Utilities,Gas,"Dillingham, AK, USA",,2070.0,AK,Name6010967,False,True,False,Severe
USA,Large,Utilities,Gas,"Dillingham, AK, USA",,2070.0,AK,Name6010968,True,False,False,Medium
USA,Large,Utilities,Gas,"Dillingham, AK, USA",,2070.0,AK,Name6010970,True,True,False,Medium
USA,Large,Utilities,Gas,"Dillingham, AK, USA",,2070.0,AK,Name6010971,True,True,False,Low
USA,Large,Utilities,Gas,"Dillingham, AK, USA",,2070.0,AK,Name6010972,True,True,False,Low
USA,Large,Real Estate,Residential,"Dillingham, AK, USA",,2070.0,AK,Name6010973,False,True,False,Medium
USA,Large,Real Estate,Residential,"Dillingham, AK, USA",,2070.0,AK,Name6010974,False,True,True,High
USA,Large,Real Estate,Residential,"Dillingham, AK, USA",,2070.0,AK,Name6010975,False,False,True,Medium
USA,Large,Real Estate,Residential,"Dillingham, AK, USA",,2070.0,AK,Name6010976,True,False,False,High
USA,Large,Real Estate,Residential,"Dillingham, AK, USA",,2070.0,AK,Name6010978,True,True,False,Medium
USA,Large,Real Estate,Residential,"Dillingham, AK, USA",,2070.0,AK,Name6010979,True,False,False,Severe
USA,Large,Real Estate,Residential,"Dillingham, AK, USA",,2070.0,AK,Name6010981,True,False,False,Severe
USA,Large,Real Estate,Residential,"Dillingham, AK, USA",,2070.0,AK,Name6010982,True,False,False,Medium
USA,Large,Real Estate,Residential,"Dillingham, AK, USA",,2070.0,AK,Name6010983,False,False,True,Severe
USA,Large,Real Estate,Residential,"Dillingham, AK, USA",,2070.0,AK,Name6010984,False,False,True,High
USA,Large,Real Estate,Residential,"Dillingham, AK, USA",,2070.0,AK,Name6010985,True,False,False,Severe
USA,Large,Real Estate,Residential,"Dillingham, AK, USA",,2070.0,AK,Name6010987,False,True,True,High
USA,Large,Real Estate,Residential,"Dillingham, AK, USA",,2070.0,AK,Name6010988,True,True,False,Medium
USA,Large,Real Estate,Residential,"Dillingham, AK, USA",,2070.0,AK,Name6010989,True,False,False,Low
USA,Large,Real Estate,Residential,"Dillingham, AK, USA",,2070.0,AK,Name6010990,True,False,False,Low
USA,Large,Real Estate,Residential,"Dillingham, AK, USA",,2070.0,AK,Name6010991,False,True,True,Severe
USA,Large,Real Estate,Residential,"Dillingham, AK, USA",,2070.0,AK,Name6010993,False,True,True,Medium
USA,Large,Real Estate,Residential,"Dillingham, AK, USA",,2070.0,AK,Name6010994,False,True,True,Severe
USA,Large,Real Estate,Residential,"Dillingham, AK, USA",,2070.0,AK,Name6010995,True,True,False,Medium
USA,Large,Real Estate,Residential,"Dillingham, AK, USA",,2070.0,AK,Name6010996,False,True,False,High
USA,Large,Real Estate,Residential,"Dillingham, AK, USA",,2070.0,AK,Name6010997,False,True,False,Severe
USA,Large,Real Estate,Residential,"Dillingham, AK, USA",,2070.0,AK,Name6010998,True,True,False,Low
USA,Large,Real Estate,Residential,"Dillingham, AK, USA",,2070.0,AK,Name6010999,False,True,True,Low
USA,Large,Real Estate,Residential,"Dillingham, AK, USA",,2070.0,AK,Name6011000,False,False,True,Low
USA,Large,Real Estate,Residential,"Dillingham, AK, USA",,2070.0,AK,Name6011001,False,False,True,Low
USA,Large,Real Estate,Residential,"Dillingham, AK, USA",,2070.0,AK,Name6011002,False,True,True,Low
USA,Large,Real Estate,Residential,"Dillingham, AK, USA",,2070.0,AK,Name6011003,True,False,False,Low
USA,Large,Real Estate,Residential,"Dillingham, AK, USA",,2070.0,AK,Name6011005,True,False,False,High
USA,Large,Real Estate,Residential,"Dillingham, AK, USA",,2070.0,AK,Name6011006,False,True,True,Medium
USA,Large,Real Estate,Residential,"Dillingham, AK, USA",,2070.0,AK,Name6011007,True,True,False,High
USA,Large,Real Estate,Residential,"Dillingham, AK, USA",,2070.0,AK,Name6011008,False,True,False,Low
USA,Large,Real Estate,Residential,"Dillingham, AK, USA",,2070.0,AK,Name6011009,True,False,False,High
USA,Large,Real Estate,Residential,"Dillingham, AK, USA",,2070.0,AK,Name6011010,False,True,False,Low
USA,Large,Real Estate,Residential,"Dillingham, AK, USA",,2070.0,AK,Name6011011,False,True,False,Low
USA,Large,Real Estate,Residential,"Dillingham, AK, USA",,2070.0,AK,Name6011013,True,False,False,Low
USA,Large,Real Estate,Residential,"Dillingham, AK, USA",,2070.0,AK,Name6011014,True,True,False,Low
USA,Large,Real Estate,Residential,"Dillingham, AK, USA",,2070.0,AK,Name6011015,False,False,True,Medium
USA,Large,Real Estate,Residential,"Dillingham, AK, USA",,2070.0,AK,Name6011016,False,True,False,Severe
USA,Large,Real Estate,Commercial,"Dillingham, AK, USA",,2070.0,AK,Name6011017,False,True,True,Medium
USA,Large,Real Estate,Commercial,"Dillingham, AK, USA",,2070.0,AK,Name6011018,True,True,False,High
USA,Large,Real Estate,Commercial,"Dillingham, AK, USA",,2070.0,AK,Name6011020,False,True,False,High
USA,Large,Real Estate,Commercial,"Dillingham, AK, USA",,2070.0,AK,Name6011021,True,True,False,High
USA,Large,Real Estate,Commercial,"Dillingham, AK, USA",,2070.0,AK,Name6011022,False,True,True,Low
USA,Large,Real Estate,Commercial,"Dillingham, AK, USA",,2070.0,AK,Name6011023,False,True,True,High
USA,Large,Real Estate,Commercial,"Dillingham, AK, USA",,2070.0,AK,Name6011024,True,False,False,High
USA,Large,Real Estate,Commercial,"Dillingham, AK, USA",,2070.0,AK,Name6011025,False,True,False,High
USA,Large,Real Estate,Commercial,"Dillingham, AK, USA",,2070.0,AK,Name6011026,True,False,False,Severe
USA,Large,Real Estate,Commercial,"Dillingham, AK, USA",,2070.0,AK,Name6011028,False,True,False,Severe
USA,Large,Real Estate,Commercial,"Dillingham, AK, USA",,2070.0,AK,Name6011029,False,True,False,Medium
USA,Large,Real Estate,Commercial,"Dillingham, AK, USA",,2070.0,AK,Name6011030,True,False,False,High
USA,Large,Real Estate,Commercial,"Dillingham, AK, USA",,2070.0,AK,Name6011031,True,False,False,Low
USA,Large,Real Estate,Commercial,"Dillingham, AK, USA",,2070.0,AK,Name6011032,True,False,False,High
USA,Large,Real Estate,Commercial,"Dillingham, AK, USA",,2070.0,AK,Name6011033,True,False,False,Medium
USA,Large,Real Estate,Commercial,"Dillingham, AK, USA",,2070.0,AK,Name6011034,False,True,False,Medium
USA,Large,Real Estate,Commercial,"Dillingham, AK, USA",,2070.0,AK,Name6011035,False,True,True,Low
USA,Large,Real Estate,Commercial,"Dillingham, AK, USA",,2070.0,AK,Name6011037,True,False,False,Medium
USA,Large,Real Estate,Commercial,"Dillingham, AK, USA",,2070.0,AK,Name6011038,True,True,False,High
USA,Large,Real Estate,Commercial,"Dillingham, AK, USA",,2070.0,AK,Name6011039,False,True,False,Low
USA,Large,Real Estate,Commercial,"Dillingham, AK, USA",,2070.0,AK,Name6011040,True,True,False,High
USA,Large,Real Estate,Commercial,"Dillingham, AK, USA",,2070.0,AK,Name6011041,True,False,False,High
USA,Large,Real Estate,Commercial,"Dillingham, AK, USA",,2070.0,AK,Name6011043,False,True,True,Low
USA,Large,Real Estate,Commercial,"Dillingham, AK, USA",,2070.0,AK,Name6011044,True,True,False,Low
USA,Large,Real Estate,Commercial,"Dillingham, AK, USA",,2070.0,AK,Name6011046,False,True,False,High
USA,Large,Real Estate,Commercial,"Dillingham, AK, USA",,2070.0,AK,Name6011047,False,True,True,Low
USA,Large,Real Estate,Commercial,"Dillingham, AK, USA",,2070.0,AK,Name6011048,True,True,False,High
USA,Large,Real Estate,Commercial,"Dillingham, AK, USA",,2070.0,AK,Name6011049,True,True,False,High
USA,Large,Real Estate,Commercial,"Dillingham, AK, USA",,2070.0,AK,Name6011050,True,True,False,Severe
USA,Large,Real Estate,Commercial,"Dillingham, AK, USA",,2070.0,AK,Name6011051,True,True,False,Medium
USA,Large,Real Estate,Commercial,"Dillingham, AK, USA",,2070.0,AK,Name6011053,False,True,False,Low
USA,Large,Real Estate,Commercial,"Dillingham, AK, USA",,2070.0,AK,Name6011054,True,False,False,Medium
USA,Large,Real Estate,Commercial,"Dillingham, AK, USA",,2070.0,AK,Name6011055,False,True,False,Severe
USA,Large,Real Estate,Commercial,"Dillingham, AK, USA",,2070.0,AK,Name6011056,True,True,False,Medium
USA,Large,Real Estate,Commercial,"Dillingham, AK, USA",,2070.0,AK,Name6011057,True,True,False,Medium
USA,Large,Real Estate,Commercial,"Dillingham, AK, USA",,2070.0,AK,Name6011058,False,True,False,Low
USA,Large,Real Estate,Commercial,"Dillingham, AK, USA",,2070.0,AK,Name6011059,True,True,False,Low
USA,Large,Real Estate,Commercial,"Dillingham, AK, USA",,2070.0,AK,Name6011060,True,False,False,High
USA,Large,Real Estate,Commercial,"Dillingham, AK, USA",,2070.0,AK,Name6011061,True,True,False,Medium
USA,Large,Real Estate,Commercial,"Dillingham, AK, USA",,2070.0,AK,Name6011062,False,False,True,Severe
USA,Large,Real Estate,Industrial,"Dillingham, AK, USA",,2070.0,AK,Name6011064,True,False,False,Low
USA,Large,Real Estate,Industrial,"Dillingham, AK, USA",,2070.0,AK,Name6011065,False,False,True,Medium
USA,Large,Real Estate,Industrial,"Dillingham, AK, USA",,2070.0,AK,Name6011066,False,False,True,Medium
USA,Large,Real Estate,Industrial,"Dillingham, AK, USA",,2070.0,AK,Name6011067,False,True,False,Low
USA,Large,Real Estate,Industrial,"Dillingham, AK, USA",,2070.0,AK,Name6011068,False,True,False,High
USA,Large,Real Estate,Industrial,"Dillingham, AK, USA",,2070.0,AK,Name6011069,False,True,True,Low
USA,Large,Real Estate,Industrial,"Dillingham, AK, USA",,2070.0,AK,Name6011070,False,True,False,Medium
USA,Large,Real Estate,Industrial,"Dillingham, AK, USA",,2070.0,AK,Name6011072,True,True,False,Severe
USA,Large,Real Estate,Industrial,"Dillingham, AK, USA",,2070.0,AK,Name6011073,True,False,False,High
USA,Large,Real Estate,Industrial,"Dillingham, AK, USA",,2070.0,AK,Name6011074,False,True,True,Medium
USA,Large,Real Estate,Industrial,"Dillingham, AK, USA",,2070.0,AK,Name6011075,False,True,False,Severe
USA,Large,Real Estate,Industrial,"Dillingham, AK, USA",,2070.0,AK,Name6011076,True,True,False,High
USA,Large,Real Estate,Industrial,"Dillingham, AK, USA",,2070.0,AK,Name6011077,True,False,False,High
USA,Large,Real Estate,Industrial,"Dillingham, AK, USA",,2070.0,AK,Name6011078,True,False,False,High
USA,Large,Real Estate,Industrial,"Dillingham, AK, USA",,2070.0,AK,Name6011079,True,False,False,Medium
USA,Large,Real Estate,Industrial,"Dillingham, AK, USA",,2070.0,AK,Name6011080,False,True,False,High
USA,Large,Real Estate,Industrial,"Dillingham, AK, USA",,2070.0,AK,Name6011081,False,False,True,High
USA,Large,Real Estate,Industrial,"Dillingham, AK, USA",,2070.0,AK,Name6011082,True,False,False,Low
USA,Large,Real Estate,Industrial,"Dillingham, AK, USA",,2070.0,AK,Name6011083,True,False,False,Severe
USA,Large,Real Estate,Industrial,"Dillingham, AK, USA",,2070.0,AK,Name6011084,True,False,False,Severe
USA,Large,Real Estate,Industrial,"Dillingham, AK, USA",,2070.0,AK,Name6011085,False,True,True,Low
USA,Large,Real Estate,Industrial,"Dillingham, AK, USA",,2070.0,AK,Name6011086,False,True,True,Medium
USA,Large,Real Estate,Industrial,"Dillingham, AK, USA",,2070.0,AK,Name6011087,False,True,False,Low
USA,Large,Real Estate,Industrial,"Dillingham, AK, USA",,2070.0,AK,Name6011088,False,True,True,Low
USA,Large,Real Estate,Industrial,"Dillingham, AK, USA",,2070.0,AK,Name6011090,False,True,False,Low
USA,Large,Real Estate,Industrial,"Dillingham, AK, USA",,2070.0,AK,Name6011091,True,True,False,Severe
USA,Large,Real Estate,Industrial,"Dillingham, AK, USA",,2070.0,AK,Name6011092,True,False,False,Severe
USA,Large,Real Estate,Industrial,"Dillingham, AK, USA",,2070.0,AK,Name6011093,True,True,False,Medium
USA,Large,Real Estate,Industrial,"Dillingham, AK, USA",,2070.0,AK,Name6011094,True,False,False,Severe
USA,Large,Real Estate,Industrial,"Dillingham, AK, USA",,2070.0,AK,Name6011095,False,True,True,Low
USA,Large,Real Estate,Industrial,"Dillingham, AK, USA",,2070.0,AK,Name6011096,False,True,False,Low
USA,Large,Real Estate,Industrial,"Dillingham, AK, USA",,2070.0,AK,Name6011097,True,False,False,Medium
USA,Large,Real Estate,Industrial,"Dillingham, AK, USA",,2070.0,AK,Name6011098,True,True,False,Severe
USA,Large,Real Estate,Industrial,"Dillingham, AK, USA",,2070.0,AK,Name6011099,False,True,False,Medium
USA,Large,Real Estate,Industrial,"Dillingham, AK, USA",,2070.0,AK,Name6011100,True,False,False,Low
USA,Large,Real Estate,Industrial,"Dillingham, AK, USA",,2070.0,AK,Name6011101,True,False,False,High
USA,Large,Telecommunications,Mobile,"Dillingham, AK, USA",,2070.0,AK,Name6011102,False,True,True,Low
USA,Large,Telecommunications,Mobile,"Dillingham, AK, USA",,2070.0,AK,Name6011103,True,True,False,Severe
USA,Large,Telecommunications,Mobile,"Dillingham, AK, USA",,2070.0,AK,Name6011104,False,True,True,Low
USA,Large,Telecommunications,Mobile,"Dillingham, AK, USA",,2070.0,AK,Name6011105,True,True,False,Medium
USA,Large,Telecommunications,Mobile,"Dillingham, AK, USA",,2070.0,AK,Name6011106,True,True,False,Severe
USA,Large,Telecommunications,Mobile,"Dillingham, AK, USA",,2070.0,AK,Name6011107,True,True,False,Medium
USA,Large,Telecommunications,Mobile,"Dillingham, AK, USA",,2070.0,AK,Name6011110,True,True,False,Medium
USA,Large,Telecommunications,Mobile,"Dillingham, AK, USA",,2070.0,AK,Name6011111,True,False,False,High
USA,Large,Telecommunications,Mobile,"Dillingham, AK, USA",,2070.0,AK,Name6011112,False,False,True,High
USA,Large,Telecommunications,Mobile,"Dillingham, AK, USA",,2070.0,AK,Name6011113,False,False,True,Medium
USA,Large,Telecommunications,Mobile,"Dillingham, AK, USA",,2070.0,AK,Name6011114,False,True,True,High
USA,Large,Telecommunications,Mobile,"Dillingham, AK, USA",,2070.0,AK,Name6011116,True,True,False,Severe
USA,Large,Telecommunications,Mobile,"Dillingham, AK, USA",,2070.0,AK,Name6011117,True,False,False,Low
USA,Large,Telecommunications,Mobile,"Dillingham, AK, USA",,2070.0,AK,Name6011118,True,True,False,Low
USA,Large,Telecommunications,Mobile,"Dillingham, AK, USA",,2070.0,AK,Name6011119,False,True,False,High
USA,Large,Telecommunications,Mobile,"Dillingham, AK, USA",,2070.0,AK,Name6011120,True,True,False,Low
USA,Large,Telecommunications,Mobile,"Dillingham, AK, USA",,2070.0,AK,Name6011121,True,True,False,Severe
USA,Large,Telecommunications,Mobile,"Dillingham, AK, USA",,2070.0,AK,Name6011122,False,False,True,Medium
USA,Large,Telecommunications,Mobile,"Dillingham, AK, USA",,2070.0,AK,Name6011123,True,True,False,Medium
USA,Large,Telecommunications,Mobile,"Dillingham, AK, USA",,2070.0,AK,Name6011124,True,True,False,Severe
USA,Large,Telecommunications,Mobile,"Dillingham, AK, USA",,2070.0,AK,Name6011125,False,True,False,Medium
USA,Large,Telecommunications,Mobile,"Dillingham, AK, USA",,2070.0,AK,Name6011126,False,True,False,Medium
USA,Large,Telecommunications,Mobile,"Dillingham, AK, USA",,2070.0,AK,Name6011127,False,True,False,Medium
USA,Large,Telecommunications,Mobile,"Dillingham, AK, USA",,2070.0,AK,Name6011129,True,False,False,Severe
USA,Large,Telecommunications,Mobile,"Dillingham, AK, USA",,2070.0,AK,Name6011130,False,False,True,High
USA,Large,Telecommunications,Mobile,"Dillingham, AK, USA",,2070.0,AK,Name6011131,True,True,False,Medium
USA,Large,Telecommunications,Mobile,"Dillingham, AK, USA",,2070.0,AK,Name6011132,True,True,False,Medium
USA,Large,Telecommunications,Mobile,"Dillingham, AK, USA",,2070.0,AK,Name6011133,False,False,True,Medium
USA,Large,Telecommunications,Mobile,"Dillingham, AK, USA",,2070.0,AK,Name6011134,False,True,True,Medium
USA,Large,Telecommunications,Mobile,"Dillingham, AK, USA",,2070.0,AK,Name6011135,True,False,False,High
USA,Large,Telecommunications,Mobile,"Dillingham, AK, USA",,2070.0,AK,Name6011136,False,True,False,Severe
USA,Large,Telecommunications,Mobile,"Dillingham, AK, USA",,2070.0,AK,Name6011137,False,True,True,High
USA,Large,Telecommunications,Mobile,"Dillingham, AK, USA",,2070.0,AK,Name6011139,True,False,False,High
USA,Large,Telecommunications,Mobile,"Dillingham, AK, USA",,2070.0,AK,Name6011140,False,False,True,Low
USA,Large,Telecommunications,Broadband,"Dillingham, AK, USA",,2070.0,AK,Name6011142,True,True,False,Low
USA,Large,Telecommunications,Broadband,"Dillingham, AK, USA",,2070.0,AK,Name6011143,False,False,True,High
USA,Large,Telecommunications,Broadband,"Dillingham, AK, USA",,2070.0,AK,Name6011144,True,True,False,Medium
USA,Large,Telecommunications,Broadband,"Dillingham, AK, USA",,2070.0,AK,Name6011145,True,False,False,Low
USA,Large,Telecommunications,Broadband,"Dillingham, AK, USA",,2070.0,AK,Name6011147,False,False,True,High
USA,Large,Telecommunications,Broadband,"Dillingham, AK, USA",,2070.0,AK,Name6011149,True,True,False,High
USA,Large,Telecommunications,Broadband,"Dillingham, AK, USA",,2070.0,AK,Name6011151,False,False,True,Low
USA,Large,Telecommunications,Broadband,"Dillingham, AK, USA",,2070.0,AK,Name6011152,False,True,False,Medium
USA,Large,Telecommunications,Broadband,"Dillingham, AK, USA",,2070.0,AK,Name6011153,True,True,False,Severe
USA,Large,Telecommunications,Broadband,"Dillingham, AK, USA",,2070.0,AK,Name6011154,False,True,True,Severe
USA,Large,Telecommunications,Broadband,"Dillingham, AK, USA",,2070.0,AK,Name6011155,False,False,True,Low
USA,Large,Telecommunications,Satellite,"Dillingham, AK, USA",,2070.0,AK,Name6011156,True,True,False,Medium
USA,Large,Telecommunications,Satellite,"Dillingham, AK, USA",,2070.0,AK,Name6011157,True,True,False,Low
USA,Large,Telecommunications,Satellite,"Dillingham, AK, USA",,2070.0,AK,Name6011158,False,False,True,High
USA,Large,Telecommunications,Satellite,"Dillingham, AK, USA",,2070.0,AK,Name6011159,True,True,False,High
USA,Large,Telecommunications,Satellite,"Dillingham, AK, USA",,2070.0,AK,Name6011160,False,True,False,High
USA,Large,Telecommunications,Satellite,"Dillingham, AK, USA",,2070.0,AK,Name6011161,False,False,True,Severe
USA,Large,Telecommunications,Satellite,"Dillingham, AK, USA",,2070.0,AK,Name6011162,False,False,True,Medium
USA,Large,Telecommunications,Satellite,"Dillingham, AK, USA",,2070.0,AK,Name6011163,False,True,False,High
USA,Large,Telecommunications,Satellite,"Dillingham, AK, USA",,2070.0,AK,Name6011164,True,True,False,High
USA,Large,Telecommunications,Satellite,"Dillingham, AK, USA",,2070.0,AK,Name6011165,True,True,False,Medium
USA,Large,Telecommunications,Satellite,"Dillingham, AK, USA",,2070.0,AK,Name6011166,True,True,False,Low
USA,Large,Telecommunications,Satellite,"Dillingham, AK, USA",,2070.0,AK,Name6011167,True,False,False,Medium
USA,Large,Telecommunications,Satellite,"Dillingham, AK, USA",,2070.0,AK,Name6011168,False,True,False,Low
USA,Large,Telecommunications,Satellite,"Dillingham, AK, USA",,2070.0,AK,Name6011169,False,True,True,Severe
USA,Large,Telecommunications,Satellite,"Dillingham, AK, USA",,2070.0,AK,Name6011170,True,False,False,Severe
USA,Large,Telecommunications,Satellite,"Dillingham, AK, USA",,2070.0,AK,Name6011171,True,True,False,High
USA,Large,Telecommunications,Satellite,"Dillingham, AK, USA",,2070.0,AK,Name6011172,True,True,False,Medium
USA,Large,Telecommunications,Satellite,"Dillingham, AK, USA",,2070.0,AK,Name6011173,False,True,True,Low
USA,Large,Telecommunications,Satellite,"Dillingham, AK, USA",,2070.0,AK,Name6011174,False,True,False,Severe
USA,Large,Telecommunications,Satellite,"Dillingham, AK, USA",,2070.0,AK,Name6011175,False,True,False,Medium
USA,Large,Telecommunications,Satellite,"Dillingham, AK, USA",,2070.0,AK,Name6011176,False,False,True,Low
USA,Large,Telecommunications,Satellite,"Dillingham, AK, USA",,2070.0,AK,Name6011177,True,True,False,Medium
USA,Large,Telecommunications,Satellite,"Dillingham, AK, USA",,2070.0,AK,Name6011178,True,True,False,Low
USA,Large,Telecommunications,Satellite,"Dillingham, AK, USA",,2070.0,AK,Name6011179,False,True,True,Medium
USA,Large,Telecommunications,Satellite,"Dillingham, AK, USA",,2070.0,AK,Name6011180,True,False,False,Severe
USA,Large,Telecommunications,Satellite,"Dillingham, AK, USA",,2070.0,AK,Name6011181,True,False,False,Medium
USA,Large,Telecommunications,Satellite,"Dillingham, AK, USA",,2070.0,AK,Name6011182,True,True,False,Severe
USA,Large,Telecommunications,Satellite,"Dillingham, AK, USA",,2070.0,AK,Name6011183,False,True,True,High
USA,Large,Telecommunications,Satellite,"Dillingham, AK, USA",,2070.0,AK,Name6011184,False,False,True,Medium
USA,Large,Telecommunications,Satellite,"Dillingham, AK, USA",,2070.0,AK,Name6011185,True,True,False,Low
USA,Large,Telecommunications,Satellite,"Dillingham, AK, USA",,2070.0,AK,Name6011186,False,False,True,Low
USA,Large,Telecommunications,Satellite,"Dillingham, AK, USA",,2070.0,AK,Name6011187,True,False,False,Low
USA,Large,Telecommunications,Satellite,"Dillingham, AK, USA",,2070.0,AK,Name6011189,True,False,False,Medium
USA,Large,Telecommunications,Satellite,"Dillingham, AK, USA",,2070.0,AK,Name6011190,True,False,False,Severe
USA,Large,Telecommunications,Satellite,"Dillingham, AK, USA",,2070.0,AK,Name6011191,True,False,False,Medium
USA,Large,Telecommunications,Satellite,"Dillingham, AK, USA",,2070.0,AK,Name6011192,False,True,True,Medium
USA,Large,Telecommunications,Satellite,"Dillingham, AK, USA",,2070.0,AK,Name6011193,True,True,False,Medium
USA,Large,Telecommunications,Satellite,"Dillingham, AK, USA",,2070.0,AK,Name6011194,False,True,True,Severe
USA,Large,Telecommunications,Satellite,"Dillingham, AK, USA",,2070.0,AK,Name6011196,True,True,False,High
USA,Large,Telecommunications,Satellite,"Dillingham, AK, USA",,2070.0,AK,Name6011197,False,False,True,Medium
USA,Large,Telecommunications,Satellite,"Dillingham, AK, USA",,2070.0,AK,Name6011198,False,False,True,High
USA,Large,Telecommunications,Satellite,"Dillingham, AK, USA",,2070.0,AK,Name6011199,False,True,True,Medium
USA,Large,Materials,Chemicals,"Dillingham, AK, USA",,2070.0,AK,Name6011200,False,False,True,High
USA,Large,Materials,Chemicals,"Dillingham, AK, USA",,2070.0,AK,Name6011201,False,True,False,High
USA,Large,Materials,Chemicals,"Dillingham, AK, USA",,2070.0,AK,Name6011203,False,True,False,Low
USA,Large,Materials,Chemicals,"Dillingham, AK, USA",,2070.0,AK,Name6011204,True,True,False,Low
USA,Large,Materials,Chemicals,"Dillingham, AK, USA",,2070.0,AK,Name6011205,False,False,True,Severe
USA,Large,Materials,Chemicals,"Dillingham, AK, USA",,2070.0,AK,Name6011207,False,True,True,Medium
USA,Large,Materials,Chemicals,"Dillingham, AK, USA",,2070.0,AK,Name6011208,True,False,False,Low
USA,Large,Materials,Chemicals,"Dillingham, AK, USA",,2070.0,AK,Name6011209,True,False,False,High
USA,Large,Materials,Chemicals,"Dillingham, AK, USA",,2070.0,AK,Name6011210,False,True,True,Severe
USA,Large,Materials,Chemicals,"Dillingham, AK, USA",,2070.0,AK,Name6011211,True,False,False,High
USA,Large,Materials,Chemicals,"Dillingham, AK, USA",,2070.0,AK,Name6011212,True,True,False,Low
USA,Large,Materials,Metals & Mining,"Dillingham, AK, USA",,2070.0,AK,Name6011213,False,True,False,Medium
USA,Large,Materials,Metals & Mining,"Dillingham, AK, USA",,2070.0,AK,Name6011215,True,False,False,Severe
USA,Large,Materials,Metals & Mining,"Dillingham, AK, USA",,2070.0,AK,Name6011216,False,False,True,High
USA,Large,Materials,Metals & Mining,"Dillingham, AK, USA",,2070.0,AK,Name6011217,True,False,False,Severe
USA,Large,Materials,Metals & Mining,"Dillingham, AK, USA",,2070.0,AK,Name6011218,False,False,True,Medium
USA,Large,Materials,Metals & Mining,"Dillingham, AK, USA",,2070.0,AK,Name6011219,True,True,False,Severe
USA,Large,Materials,Metals & Mining,"Dillingham, AK, USA",,2070.0,AK,Name6011220,True,False,False,Low
USA,Large,Materials,Metals & Mining,"Dillingham, AK, USA",,2070.0,AK,Name6011221,True,True,False,Low
USA,Large,Materials,Metals & Mining,"Dillingham, AK, USA",,2070.0,AK,Name6011223,True,False,False,High
USA,Large,Materials,Metals & Mining,"Dillingham, AK, USA",,2070.0,AK,Name6011224,False,True,False,Medium
USA,Large,Materials,Metals & Mining,"Dillingham, AK, USA",,2070.0,AK,Name6011225,False,True,False,Severe
USA,Large,Materials,Metals & Mining,"Dillingham, AK, USA",,2070.0,AK,Name6011226,True,True,False,Severe
USA,Large,Materials,Metals & Mining,"Dillingham, AK, USA",,2070.0,AK,Name6011227,False,True,True,Low
USA,Large,Materials,Metals & Mining,"Dillingham, AK, USA",,2070.0,AK,Name6011228,False,True,False,Severe
USA,Large,Materials,Metals & Mining,"Dillingham, AK, USA",,2070.0,AK,Name6011229,False,False,True,Severe
USA,Large,Materials,Metals & Mining,"Dillingham, AK, USA",,2070.0,AK,Name6011230,False,True,True,Low
USA,Large,Materials,Metals & Mining,"Dillingham, AK, USA",,2070.0,AK,Name6011231,True,False,False,Severe
USA,Large,Materials,Metals & Mining,"Dillingham, AK, USA",,2070.0,AK,Name6011232,False,True,True,Medium
USA,Large,Materials,Metals & Mining,"Dillingham, AK, USA",,2070.0,AK,Name6011233,True,True,False,Medium
USA,Large,Materials,Metals & Mining,"Dillingham, AK, USA",,2070.0,AK,Name6011235,True,False,False,Severe
USA,Large,Materials,Metals & Mining,"Dillingham, AK, USA",,2070.0,AK,Name6011236,True,False,False,High
USA,Large,Materials,Metals & Mining,"Dillingham, AK, USA",,2070.0,AK,Name6011237,True,True,False,Medium
USA,Large,Materials,Metals & Mining,"Dillingham, AK, USA",,2070.0,AK,Name6011238,True,False,False,Medium
USA,Large,Materials,Metals & Mining,"Dillingham, AK, USA",,2070.0,AK,Name6011239,True,True,False,Severe
USA,Large,Materials,Metals & Mining,"Dillingham, AK, USA",,2070.0,AK,Name6011240,False,False,True,Severe
USA,Large,Materials,Metals & Mining,"Dillingham, AK, USA",,2070.0,AK,Name6011242,False,True,True,Medium
USA,Large,Materials,Metals & Mining,"Dillingham, AK, USA",,2070.0,AK,Name6011243,True,True,False,Severe
USA,Large,Materials,Metals & Mining,"Dillingham, AK, USA",,2070.0,AK,Name6011244,False,True,False,High
USA,Large,Materials,Metals & Mining,"Dillingham, AK, USA",,2070.0,AK,Name6011245,False,True,False,Medium
USA,Large,Materials,Metals & Mining,"Dillingham, AK, USA",,2070.0,AK,Name6011246,True,True,False,High
USA,Large,Materials,Metals & Mining,"Dillingham, AK, USA",,2070.0,AK,Name6011247,False,True,False,Medium
USA,Large,Materials,Metals & Mining,"Dillingham, AK, USA",,2070.0,AK,Name6011248,True,True,False,High
USA,Large,Materials,Metals & Mining,"Dillingham, AK, USA",,2070.0,AK,Name6011249,False,False,True,Medium
USA,Large,Materials,Metals & Mining,"Dillingham, AK, USA",,2070.0,AK,Name6011250,False,True,True,Medium
USA,Large,Materials,Construction Materials,"Dillingham, AK, USA",,2070.0,AK,Name6011251,False,True,True,Severe
USA,Large,Materials,Construction Materials,"Dillingham, AK, USA",,2070.0,AK,Name6011252,False,True,True,High
USA,Large,Materials,Construction Materials,"Dillingham, AK, USA",,2070.0,AK,Name6011253,False,True,True,Medium
USA,Large,Materials,Construction Materials,"Dillingham, AK, USA",,2070.0,AK,Name6011254,False,False,True,High
USA,Large,Materials,Construction Materials,"Dillingham, AK, USA",,2070.0,AK,Name6011255,True,True,False,High
USA,Large,Materials,Construction Materials,"Dillingham, AK, USA",,2070.0,AK,Name6011256,True,True,False,Medium
USA,Large,Materials,Construction Materials,"Dillingham, AK, USA",,2070.0,AK,Name6011257,True,True,False,Medium
USA,Large,Materials,Construction Materials,"Dillingham, AK, USA",,2070.0,AK,Name6011259,True,True,False,Severe
USA,Large,Materials,Construction Materials,"Dillingham, AK, USA",,2070.0,AK,Name6011260,True,True,False,Low
USA,Large,Materials,Construction Materials,"Dillingham, AK, USA",,2070.0,AK,Name6011261,True,True,False,High
USA,Large,Materials,Construction Materials,"Dillingham, AK, USA",,2070.0,AK,Name6011262,True,False,False,Medium
USA,Large,Materials,Construction Materials,"Dillingham, AK, USA",,2070.0,AK,Name6011263,True,False,False,Medium
USA,Large,Materials,Construction Materials,"Dillingham, AK, USA",,2070.0,AK,Name6011264,True,True,False,Severe
USA,Large,Materials,Construction Materials,"Dillingham, AK, USA",,2070.0,AK,Name6011265,False,True,False,High
USA,Large,Materials,Construction Materials,"Dillingham, AK, USA",,2070.0,AK,Name6011266,True,True,False,Low
USA,Large,Materials,Construction Materials,"Dillingham, AK, USA",,2070.0,AK,Name6011267,False,True,False,High
USA,Large,Materials,Construction Materials,"Dillingham, AK, USA",,2070.0,AK,Name6011268,False,False,True,Medium
USA,Large,Materials,Construction Materials,"Dillingham, AK, USA",,2070.0,AK,Name6011269,False,True,False,Medium
USA,Large,Materials,Construction Materials,"Dillingham, AK, USA",,2070.0,AK,Name6011270,True,True,False,Medium
USA,Large,Materials,Construction Materials,"Dillingham, AK, USA",,2070.0,AK,Name6011271,True,False,False,Medium
USA,Large,Materials,Construction Materials,"Dillingham, AK, USA",,2070.0,AK,Name6011272,False,True,False,Medium
USA,Large,Materials,Construction Materials,"Dillingham, AK, USA",,2070.0,AK,Name6011274,True,True,False,Low
USA,Large,Materials,Construction Materials,"Dillingham, AK, USA",,2070.0,AK,Name6011275,True,False,False,Low
USA,Large,Industrials,Aerospace & Defense,"Dillingham, AK, USA",,2070.0,AK,Name6011278,True,True,False,Low
USA,Large,Industrials,Aerospace & Defense,"Dillingham, AK, USA",,2070.0,AK,Name6011279,False,True,True,High
USA,Large,Industrials,Aerospace & Defense,"Dillingham, AK, USA",,2070.0,AK,Name6011280,True,False,False,High
USA,Large,Industrials,Aerospace & Defense,"Dillingham, AK, USA",,2070.0,AK,Name6011281,False,False,True,Severe
USA,Large,Industrials,Aerospace & Defense,"Dillingham, AK, USA",,2070.0,AK,Name6011282,True,True,False,High
USA,Large,Industrials,Aerospace & Defense,"Dillingham, AK, USA",,2070.0,AK,Name6011284,False,False,True,Severe
USA,Large,Industrials,Aerospace & Defense,"Dillingham, AK, USA",,2070.0,AK,Name6011285,False,True,False,Medium
USA,Large,Industrials,Aerospace & Defense,"Dillingham, AK, USA",,2070.0,AK,Name6011286,True,True,False,Severe
USA,Large,Industrials,Aerospace & Defense,"Dillingham, AK, USA",,2070.0,AK,Name6011287,True,True,False,High
USA,Large,Industrials,Aerospace & Defense,"Dillingham, AK, USA",,2070.0,AK,Name6011288,True,False,False,Low
USA,Large,Industrials,Aerospace & Defense,"Dillingham, AK, USA",,2070.0,AK,Name6011289,True,True,False,High
USA,Large,Industrials,Aerospace & Defense,"Dillingham, AK, USA",,2070.0,AK,Name6011290,False,True,False,Low
USA,Large,Industrials,Aerospace & Defense,"Dillingham, AK, USA",,2070.0,AK,Name6011291,False,False,True,Medium
USA,Large,Industrials,Aerospace & Defense,"Dillingham, AK, USA",,2070.0,AK,Name6011292,False,True,False,Severe
USA,Large,Industrials,Aerospace & Defense,"Dillingham, AK, USA",,2070.0,AK,Name6011293,True,False,False,Medium
USA,Large,Industrials,Aerospace & Defense,"Dillingham, AK, USA",,2070.0,AK,Name6011294,False,False,True,Severe
USA,Large,Industrials,Aerospace & Defense,"Dillingham, AK, USA",,2070.0,AK,Name6011295,True,False,False,Severe
USA,Large,Industrials,Aerospace & Defense,"Dillingham, AK, USA",,2070.0,AK,Name6011296,True,True,False,Medium
USA,Large,Industrials,Machinery,"Dillingham, AK, USA",,2070.0,AK,Name6011297,True,True,False,Severe
USA,Large,Industrials,Machinery,"Dillingham, AK, USA",,2070.0,AK,Name6011299,False,True,True,Low
USA,Large,Industrials,Machinery,"Dillingham, AK, USA",,2070.0,AK,Name6011300,False,True,False,High
USA,Large,Industrials,Machinery,"Dillingham, AK, USA",,2070.0,AK,Name6011301,False,False,True,Severe
USA,Large,Industrials,Machinery,"Dillingham, AK, USA",,2070.0,AK,Name6011302,True,True,False,Medium
USA,Large,Industrials,Machinery,"Dillingham, AK, USA",,2070.0,AK,Name6011303,True,False,False,Medium
USA,Large,Industrials,Machinery,"Dillingham, AK, USA",,2070.0,AK,Name6011304,True,True,False,Low
USA,Large,Industrials,Machinery,"Dillingham, AK, USA",,2070.0,AK,Name6011305,True,True,False,Low
USA,Large,Industrials,Machinery,"Dillingham, AK, USA",,2070.0,AK,Name6011306,True,False,False,Medium
USA,Large,Industrials,Machinery,"Dillingham, AK, USA",,2070.0,AK,Name6011307,True,True,False,Low
USA,Large,Industrials,Machinery,"Dillingham, AK, USA",,2070.0,AK,Name6011308,False,True,True,Severe
USA,Large,Industrials,Machinery,"Dillingham, AK, USA",,2070.0,AK,Name6011309,True,False,False,Severe
USA,Large,Industrials,Machinery,"Dillingham, AK, USA",,2070.0,AK,Name6011310,True,True,False,High
USA,Large,Industrials,Machinery,"Dillingham, AK, USA",,2070.0,AK,Name6011311,True,False,False,Low
USA,Large,Industrials,Machinery,"Dillingham, AK, USA",,2070.0,AK,Name6011312,True,True,False,Medium
USA,Large,Industrials,Machinery,"Dillingham, AK, USA",,2070.0,AK,Name6011313,False,True,True,High
USA,Large,Industrials,Machinery,"Dillingham, AK, USA",,2070.0,AK,Name6011314,True,True,False,Medium
USA,Large,Industrials,Machinery,"Dillingham, AK, USA",,2070.0,AK,Name6011315,True,False,False,Low
USA,Large,Industrials,Machinery,"Dillingham, AK, USA",,2070.0,AK,Name6011316,False,True,False,High
USA,Large,Industrials,Machinery,"Dillingham, AK, USA",,2070.0,AK,Name6011318,False,True,False,Low
USA,Large,Industrials,Machinery,"Dillingham, AK, USA",,2070.0,AK,Name6011319,False,False,True,High
USA,Large,Industrials,Machinery,"Dillingham, AK, USA",,2070.0,AK,Name6011320,False,True,True,Severe
USA,Large,Industrials,Machinery,"Dillingham, AK, USA",,2070.0,AK,Name6011321,False,True,True,Severe
USA,Large,Industrials,Machinery,"Dillingham, AK, USA",,2070.0,AK,Name6011324,True,False,False,High
USA,Large,Industrials,Machinery,"Dillingham, AK, USA",,2070.0,AK,Name6011325,True,False,False,Low
USA,Large,Industrials,Industrial Services,"Dillingham, AK, USA",,2070.0,AK,Name6011326,True,True,False,Severe
USA,Large,Industrials,Industrial Services,"Dillingham, AK, USA",,2070.0,AK,Name6011327,False,False,True,Severe
USA,Large,Industrials,Industrial Services,"Dillingham, AK, USA",,2070.0,AK,Name6011328,True,False,False,Low
USA,Large,Industrials,Industrial Services,"Dillingham, AK, USA",,2070.0,AK,Name6011329,True,False,False,Medium
USA,Large,Industrials,Industrial Services,"Dillingham, AK, USA",,2070.0,AK,Name6011330,True,True,False,Severe
USA,Large,Industrials,Industrial Services,"Dillingham, AK, USA",,2070.0,AK,Name6011331,True,True,False,Low
USA,Large,Industrials,Industrial Services,"Dillingham, AK, USA",,2070.0,AK,Name6011332,True,False,False,High
USA,Large,Industrials,Industrial Services,"Dillingham, AK, USA",,2070.0,AK,Name6011333,False,False,True,Low
USA,Large,Industrials,Industrial Services,"Dillingham, AK, USA",,2070.0,AK,Name6011334,True,True,False,Low
USA,Large,Industrials,Industrial Services,"Dillingham, AK, USA",,2070.0,AK,Name6011335,True,False,False,Low
USA,Large,Industrials,Industrial Services,"Dillingham, AK, USA",,2070.0,AK,Name6011336,False,True,True,Medium
USA,Large,Industrials,Industrial Services,"Dillingham, AK, USA",,2070.0,AK,Name6011337,False,False,True,Medium
USA,Large,Industrials,Industrial Services,"Dillingham, AK, USA",,2070.0,AK,Name6011338,False,True,True,Low
USA,Large,Industrials,Industrial Services,"Dillingham, AK, USA",,2070.0,AK,Name6011340,False,False,True,Low
USA,Large,Industrials,Industrial Services,"Dillingham, AK, USA",,2070.0,AK,Name6011341,True,False,False,Low
USA,Large,Industrials,Industrial Services,"Dillingham, AK, USA",,2070.0,AK,Name6011342,False,True,False,Medium
USA,Large,Industrials,Industrial Services,"Dillingham, AK, USA",,2070.0,AK,Name6011343,False,True,False,Severe
USA,Large,Industrials,Industrial Services,"Dillingham, AK, USA",,2070.0,AK,Name6011344,True,True,False,High
USA,Large,Industrials,Industrial Services,"Dillingham, AK, USA",,2070.0,AK,Name6011346,False,True,False,Medium
USA,Large,Industrials,Industrial Services,"Dillingham, AK, USA",,2070.0,AK,Name6011347,True,True,False,High
USA,Large,Consumer Services,Retail,"Dillingham, AK, USA",,2070.0,AK,Name6011348,True,True,False,Severe
USA,Large,Consumer Services,Retail,"Dillingham, AK, USA",,2070.0,AK,Name6011349,False,True,True,Severe
USA,Large,Consumer Services,Retail,"Dillingham, AK, USA",,2070.0,AK,Name6011350,True,False,False,Low
USA,Large,Consumer Services,Retail,"Dillingham, AK, USA",,2070.0,AK,Name6011351,False,True,True,Severe
USA,Large,Consumer Services,Retail,"Dillingham, AK, USA",,2070.0,AK,Name6011352,True,True,False,Low
USA,Large,Consumer Services,Retail,"Dillingham, AK, USA",,2070.0,AK,Name6011353,True,True,False,High
USA,Large,Consumer Services,Retail,"Dillingham, AK, USA",,2070.0,AK,Name6011354,True,True,False,High
USA,Large,Consumer Services,Retail,"Dillingham, AK, USA",,2070.0,AK,Name6011355,False,False,True,Medium
USA,Large,Consumer Services,Retail,"Dillingham, AK, USA",,2070.0,AK,Name6011356,True,False,False,Medium
USA,Large,Consumer Services,Retail,"Dillingham, AK, USA",,2070.0,AK,Name6011357,True,False,False,Medium
USA,Large,Consumer Services,Retail,"Dillingham, AK, USA",,2070.0,AK,Name6011358,False,True,True,Low
USA,Large,Consumer Services,Retail,"Dillingham, AK, USA",,2070.0,AK,Name6011359,False,True,True,Medium
USA,Large,Consumer Services,Retail,"Dillingham, AK, USA",,2070.0,AK,Name6011360,True,True,False,Severe
USA,Large,Consumer Services,Retail,"Dillingham, AK, USA",,2070.0,AK,Name6011361,False,True,True,Medium
USA,Large,Consumer Services,Retail,"Dillingham, AK, USA",,2070.0,AK,Name6011362,True,True,False,Medium
USA,Large,Consumer Services,Retail,"Dillingham, AK, USA",,2070.0,AK,Name6011363,False,True,False,Severe
USA,Large,Consumer Services,Retail,"Dillingham, AK, USA",,2070.0,AK,Name6011364,False,True,True,Severe
USA,Large,Consumer Services,Retail,"Dillingham, AK, USA",,2070.0,AK,Name6011365,True,True,False,Low
USA,Large,Consumer Services,Retail,"Dillingham, AK, USA",,2070.0,AK,Name6011367,True,True,False,Low
USA,Large,Consumer Services,Retail,"Dillingham, AK, USA",,2070.0,AK,Name6011368,False,True,True,Severe
USA,Large,Consumer Services,Retail,"Dillingham, AK, USA",,2070.0,AK,Name6011369,False,False,True,Low
USA,Large,Consumer Services,Retail,"Dillingham, AK, USA",,2070.0,AK,Name6011370,False,True,False,Medium
USA,Large,Consumer Services,Retail,"Dillingham, AK, USA",,2070.0,AK,Name6011371,True,False,False,Medium
USA,Large,Consumer Services,Retail,"Dillingham, AK, USA",,2070.0,AK,Name6011372,False,False,True,Low
USA,Large,Consumer Services,Retail,"Dillingham, AK, USA",,2070.0,AK,Name6011373,True,False,False,Medium
USA,Large,Consumer Services,Retail,"Dillingham, AK, USA",,2070.0,AK,Name6011376,True,False,False,Severe
USA,Large,Consumer Services,Retail,"Dillingham, AK, USA",,2070.0,AK,Name6011378,True,False,False,Severe
USA,Large,Consumer Services,Retail,"Dillingham, AK, USA",,2070.0,AK,Name6011379,False,True,True,Medium
USA,Large,Consumer Services,Retail,"Dillingham, AK, USA",,2070.0,AK,Name6011380,True,False,False,Medium
USA,Large,Consumer Services,Retail,"Dillingham, AK, USA",,2070.0,AK,Name6011381,False,True,False,Severe
USA,Large,Consumer Services,Retail,"Dillingham, AK, USA",,2070.0,AK,Name6011383,True,True,False,Medium
USA,Large,Consumer Services,Retail,"Dillingham, AK, USA",,2070.0,AK,Name6011384,False,False,True,Low
USA,Large,Consumer Services,Retail,"Dillingham, AK, USA",,2070.0,AK,Name6011385,True,False,False,Severe
USA,Large,Consumer Services,Retail,"Dillingham, AK, USA",,2070.0,AK,Name6011386,False,False,True,High
USA,Large,Consumer Services,Retail,"Dillingham, AK, USA",,2070.0,AK,Name6011387,False,True,False,Medium
USA,Large,Consumer Services,Travel & Leisure,"Dillingham, AK, USA",,2070.0,AK,Name6011388,False,True,False,High
USA,Large,Consumer Services,Travel & Leisure,"Dillingham, AK, USA",,2070.0,AK,Name6011389,True,True,False,Low
USA,Large,Consumer Services,Travel & Leisure,"Dillingham, AK, USA",,2070.0,AK,Name6011390,True,True,False,Severe
USA,Large,Consumer Services,Travel & Leisure,"Dillingham, AK, USA",,2070.0,AK,Name6011392,True,False,False,Medium
USA,Large,Consumer Services,Travel & Leisure,"Dillingham, AK, USA",,2070.0,AK,Name6011393,False,True,False,Medium
USA,Large,Consumer Services,Travel & Leisure,"Dillingham, AK, USA",,2070.0,AK,Name6011394,True,True,False,Medium
USA,Large,Consumer Services,Travel & Leisure,"Dillingham, AK, USA",,2070.0,AK,Name6011395,True,True,False,Low
USA,Large,Consumer Services,Travel & Leisure,"Dillingham, AK, USA",,2070.0,AK,Name6011396,False,True,True,Low
USA,Large,Consumer Services,Travel & Leisure,"Dillingham, AK, USA",,2070.0,AK,Name6011397,False,True,False,Severe
USA,Large,Consumer Services,Travel & Leisure,"Dillingham, AK, USA",,2070.0,AK,Name6011398,True,False,False,Low
USA,Large,Consumer Services,Travel & Leisure,"Dillingham, AK, USA",,2070.0,AK,Name6011399,True,True,False,Medium
USA,Large,Consumer Services,Travel & Leisure,"Dillingham, AK, USA",,2070.0,AK,Name6011400,True,True,False,Severe
USA,Large,Consumer Services,Travel & Leisure,"Dillingham, AK, USA",,2070.0,AK,Name6011401,False,False,True,Low
USA,Large,Consumer Services,Travel & Leisure,"Dillingham, AK, USA",,2070.0,AK,Name6011402,False,True,True,Low
USA,Large,Consumer Services,Travel & Leisure,"Dillingham, AK, USA",,2070.0,AK,Name6011404,True,True,False,Low
USA,Large,Consumer Services,Media,"Dillingham, AK, USA",,2070.0,AK,Name6011405,False,False,True,High
USA,Large,Consumer Services,Media,"Dillingham, AK, USA",,2070.0,AK,Name6011406,False,False,True,High
USA,Large,Consumer Services,Media,"Dillingham, AK, USA",,2070.0,AK,Name6011407,True,False,False,Medium
USA,Large,Consumer Services,Media,"Dillingham, AK, USA",,2070.0,AK,Name6011408,True,True,False,High
USA,Large,Consumer Services,Media,"Dillingham, AK, USA",,2070.0,AK,Name6011409,True,True,False,High
USA,Large,Consumer Services,Media,"Dillingham, AK, USA",,2070.0,AK,Name6011410,True,False,False,Severe
USA,Large,Consumer Services,Media,"Dillingham, AK, USA",,2070.0,AK,Name6011411,False,True,True,Low
USA,Large,Consumer Services,Media,"Dillingham, AK, USA",,2070.0,AK,Name6011413,True,True,False,Severe
USA,Large,Consumer Services,Media,"Dillingham, AK, USA",,2070.0,AK,Name6011414,True,True,False,Low
USA,Large,Consumer Services,Media,"Dillingham, AK, USA",,2070.0,AK,Name6011416,False,False,True,High
USA,Large,Consumer Services,Media,"Dillingham, AK, USA",,2070.0,AK,Name6011417,False,True,True,High
USA,Large,Consumer Services,Media,"Dillingham, AK, USA",,2070.0,AK,Name6011418,False,True,False,Low
USA,Large,Consumer Services,Media,"Dillingham, AK, USA",,2070.0,AK,Name6011420,False,False,True,Low
USA,Large,Consumer Services,Media,"Dillingham, AK, USA",,2070.0,AK,Name6011421,True,False,False,Low
USA,Large,Consumer Services,Media,"Dillingham, AK, USA",,2070.0,AK,Name6011422,True,True,False,Low
USA,Large,Consumer Services,Media,"Dillingham, AK, USA",,2070.0,AK,Name6011423,False,False,True,Severe
USA,Large,Consumer Services,Media,"Dillingham, AK, USA",,2070.0,AK,Name6011424,True,False,False,High
USA,Large,Consumer Services,Media,"Dillingham, AK, USA",,2070.0,AK,Name6011425,True,False,False,High
USA,Large,Consumer Services,Media,"Dillingham, AK, USA",,2070.0,AK,Name6011426,True,False,False,Low
USA,Large,Consumer Services,Media,"Dillingham, AK, USA",,2070.0,AK,Name6011427,True,False,False,Medium
USA,Large,Consumer Services,Media,"Dillingham, AK, USA",,2070.0,AK,Name6011428,True,False,False,High
USA,Large,Transportation,Airlines,"Dillingham, AK, USA",,2070.0,AK,Name6011429,False,False,True,Low
USA,Large,Transportation,Airlines,"Dillingham, AK, USA",,2070.0,AK,Name6011430,False,True,False,Low
USA,Large,Transportation,Airlines,"Dillingham, AK, USA",,2070.0,AK,Name6011431,False,True,True,Low
USA,Large,Transportation,Airlines,"Dillingham, AK, USA",,2070.0,AK,Name6011433,True,False,False,Medium
USA,Large,Transportation,Airlines,"Dillingham, AK, USA",,2070.0,AK,Name6011435,True,False,False,Severe
USA,Large,Transportation,Airlines,"Dillingham, AK, USA",,2070.0,AK,Name6011436,True,False,False,Low
USA,Large,Transportation,Airlines,"Dillingham, AK, USA",,2070.0,AK,Name6011437,True,False,False,Low
USA,Large,Transportation,Airlines,"Dillingham, AK, USA",,2070.0,AK,Name6011438,True,False,False,High
USA,Large,Transportation,Airlines,"Dillingham, AK, USA",,2070.0,AK,Name6011439,True,False,False,Medium
USA,Large,Transportation,Airlines,"Dillingham, AK, USA",,2070.0,AK,Name6011440,False,False,True,High
USA,Large,Transportation,Airlines,"Dillingham, AK, USA",,2070.0,AK,Name6011441,True,True,False,Low
USA,Large,Transportation,Airlines,"Dillingham, AK, USA",,2070.0,AK,Name6011442,True,False,False,Low
USA,Large,Transportation,Airlines,"Dillingham, AK, USA",,2070.0,AK,Name6011443,True,True,False,High
USA,Large,Transportation,Airlines,"Dillingham, AK, USA",,2070.0,AK,Name6011444,True,False,False,Low
USA,Large,Transportation,Airlines,"Dillingham, AK, USA",,2070.0,AK,Name6011445,True,True,False,Severe
USA,Large,Transportation,Airlines,"Dillingham, AK, USA",,2070.0,AK,Name6011446,False,True,False,Low
USA,Large,Transportation,Airlines,"Dillingham, AK, USA",,2070.0,AK,Name6011447,True,False,False,Medium
USA,Large,Transportation,Airlines,"Dillingham, AK, USA",,2070.0,AK,Name6011448,True,False,False,Severe
USA,Large,Transportation,Railroads,"Dillingham, AK, USA",,2070.0,AK,Name6011449,True,True,False,Severe
USA,Large,Transportation,Railroads,"Dillingham, AK, USA",,2070.0,AK,Name6011450,False,False,True,Medium
USA,Large,Transportation,Railroads,"Dillingham, AK, USA",,2070.0,AK,Name6011451,True,True,False,High
USA,Large,Transportation,Railroads,"Dillingham, AK, USA",,2070.0,AK,Name6011452,False,True,True,Severe
USA,Large,Transportation,Railroads,"Dillingham, AK, USA",,2070.0,AK,Name6011453,False,True,True,High
USA,Large,Transportation,Railroads,"Dillingham, AK, USA",,2070.0,AK,Name6011454,False,False,True,Severe
USA,Large,Transportation,Railroads,"Dillingham, AK, USA",,2070.0,AK,Name6011456,True,True,False,Low
USA,Large,Transportation,Railroads,"Dillingham, AK, USA",,2070.0,AK,Name6011457,True,True,False,High
USA,Large,Transportation,Railroads,"Dillingham, AK, USA",,2070.0,AK,Name6011458,True,True,False,Severe
USA,Large,Transportation,Railroads,"Dillingham, AK, USA",,2070.0,AK,Name6011459,True,True,False,Severe
USA,Large,Transportation,Railroads,"Dillingham, AK, USA",,2070.0,AK,Name6011460,True,False,False,High
USA,Large,Transportation,Railroads,"Dillingham, AK, USA",,2070.0,AK,Name6011461,False,False,True,Severe
USA,Large,Transportation,Railroads,"Dillingham, AK, USA",,2070.0,AK,Name6011462,True,False,False,High
USA,Large,Transportation,Railroads,"Dillingham, AK, USA",,2070.0,AK,Name6011463,True,True,False,Severe
USA,Large,Transportation,Railroads,"Dillingham, AK, USA",,2070.0,AK,Name6011464,False,False,True,Severe
USA,Large,Transportation,Railroads,"Dillingham, AK, USA",,2070.0,AK,Name6011465,True,True,False,Severe
USA,Large,Transportation,Railroads,"Dillingham, AK, USA",,2070.0,AK,Name6011466,False,True,True,Low
USA,Large,Transportation,Railroads,"Dillingham, AK, USA",,2070.0,AK,Name6011468,True,True,False,Severe
USA,Large,Transportation,Railroads,"Dillingham, AK, USA",,2070.0,AK,Name6011469,True,False,False,High
USA,Large,Transportation,Railroads,"Dillingham, AK, USA",,2070.0,AK,Name6011470,True,False,False,Severe
USA,Large,Transportation,Railroads,"Dillingham, AK, USA",,2070.0,AK,Name6011471,False,True,True,Severe
USA,Large,Transportation,Railroads,"Dillingham, AK, USA",,2070.0,AK,Name6011472,False,True,False,High
USA,Large,Transportation,Railroads,"Dillingham, AK, USA",,2070.0,AK,Name6011473,False,True,True,Severe
USA,Large,Transportation,Railroads,"Dillingham, AK, USA",,2070.0,AK,Name6011474,True,False,False,Low
USA,Large,Transportation,Railroads,"Dillingham, AK, USA",,2070.0,AK,Name6011475,False,False,True,High
USA,Large,Transportation,Railroads,"Dillingham, AK, USA",,2070.0,AK,Name6011476,False,True,True,High
USA,Large,Transportation,Railroads,"Dillingham, AK, USA",,2070.0,AK,Name6011477,True,True,False,Medium
USA,Large,Transportation,Railroads,"Dillingham, AK, USA",,2070.0,AK,Name6011478,False,True,False,Low
USA,Large,Transportation,Railroads,"Dillingham, AK, USA",,2070.0,AK,Name6011479,False,True,False,Low
USA,Large,Transportation,Railroads,"Dillingham, AK, USA",,2070.0,AK,Name6011480,True,True,False,Low
USA,Large,Transportation,Railroads,"Dillingham, AK, USA",,2070.0,AK,Name6011481,True,True,False,High
USA,Large,Transportation,Railroads,"Dillingham, AK, USA",,2070.0,AK,Name6011482,True,False,False,Low
USA,Large,Transportation,Railroads,"Dillingham, AK, USA",,2070.0,AK,Name6011484,True,True,False,Medium
USA,Large,Transportation,Railroads,"Dillingham, AK, USA",,2070.0,AK,Name6011485,True,False,False,Medium
USA,Large,Transportation,Railroads,"Dillingham, AK, USA",,2070.0,AK,Name6011486,True,True,False,Medium
USA,Large,Transportation,Railroads,"Dillingham, AK, USA",,2070.0,AK,Name6011487,True,True,False,Medium
USA,Large,Transportation,Railroads,"Dillingham, AK, USA",,2070.0,AK,Name6011488,True,True,False,High
USA,Large,Transportation,Railroads,"Dillingham, AK, USA",,2070.0,AK,Name6011490,True,True,False,High
USA,Large,Transportation,Logistics,"Dillingham, AK, USA",,2070.0,AK,Name6011491,False,True,False,Low
USA,Large,Transportation,Logistics,"Dillingham, AK, USA",,2070.0,AK,Name6011492,False,True,False,Severe
USA,Large,Transportation,Logistics,"Dillingham, AK, USA",,2070.0,AK,Name6011494,False,True,True,Severe
USA,Large,Transportation,Logistics,"Dillingham, AK, USA",,2070.0,AK,Name6011495,False,False,True,Medium
USA,Large,Transportation,Logistics,"Dillingham, AK, USA",,2070.0,AK,Name6011497,True,True,False,High
USA,Large,Transportation,Logistics,"Dillingham, AK, USA",,2070.0,AK,Name6011498,True,True,False,High
USA,Large,Transportation,Logistics,"Dillingham, AK, USA",,2070.0,AK,Name6011499,False,True,True,Low
USA,Large,Transportation,Logistics,"Dillingham, AK, USA",,2070.0,AK,Name6011500,True,False,False,High
USA,Large,Transportation,Logistics,"Dillingham, AK, USA",,2070.0,AK,Name6011501,True,False,False,Low
USA,Medium,Technology,Software,"Dillingham, AK, USA",,2070.0,AK,Name6011502,False,True,False,High
USA,Medium,Technology,Software,"Dillingham, AK, USA",,2070.0,AK,Name6011503,True,False,False,High
USA,Medium,Technology,Software,"Dillingham, AK, USA",,2070.0,AK,Name6011504,False,True,True,High
USA,Medium,Technology,Software,"Dillingham, AK, USA",,2070.0,AK,Name6011505,False,True,True,Low
USA,Medium,Technology,Software,"Dillingham, AK, USA",,2070.0,AK,Name6011508,False,True,False,Severe
USA,Medium,Technology,Software,"Dillingham, AK, USA",,2070.0,AK,Name6011509,False,True,False,Medium
USA,Medium,Technology,Software,"Dillingham, AK, USA",,2070.0,AK,Name6011510,False,True,True,Severe
USA,Medium,Technology,Software,"Dillingham, AK, USA",,2070.0,AK,Name6011511,True,False,False,High
USA,Medium,Technology,Software,"Dillingham, AK, USA",,2070.0,AK,Name6011512,True,True,False,Low
USA,Medium,Technology,Software,"Dillingham, AK, USA",,2070.0,AK,Name6011513,True,True,False,Severe
USA,Medium,Technology,Software,"Dillingham, AK, USA",,2070.0,AK,Name6011514,False,False,True,High
USA,Medium,Technology,Software,"Dillingham, AK, USA",,2070.0,AK,Name6011515,False,True,False,Medium
USA,Medium,Technology,Software,"Dillingham, AK, USA",,2070.0,AK,Name6011517,True,True,False,Low
USA,Medium,Technology,Software,"Dillingham, AK, USA",,2070.0,AK,Name6011518,True,False,False,Medium
USA,Medium,Technology,Software,"Dillingham, AK, USA",,2070.0,AK,Name6011519,False,False,True,Low
USA,Medium,Technology,Software,"Dillingham, AK, USA",,2070.0,AK,Name6011520,True,False,False,Medium
USA,Medium,Technology,Software,"Dillingham, AK, USA",,2070.0,AK,Name6011521,True,True,False,Low
USA,Medium,Technology,Software,"Dillingham, AK, USA",,2070.0,AK,Name6011522,False,True,False,Medium
USA,Medium,Technology,Software,"Dillingham, AK, USA",,2070.0,AK,Name6011523,False,True,True,Low
USA,Medium,Technology,Software,"Dillingham, AK, USA",,2070.0,AK,Name6011524,True,False,False,Medium
USA,Medium,Technology,Software,"Dillingham, AK, USA",,2070.0,AK,Name6011525,True,False,False,Severe
USA,Medium,Technology,Software,"Dillingham, AK, USA",,2070.0,AK,Name6011526,True,True,False,Severe
USA,Medium,Technology,Software,"Dillingham, AK, USA",,2070.0,AK,Name6011527,False,False,True,Severe
USA,Medium,Technology,Software,"Dillingham, AK, USA",,2070.0,AK,Name6011528,False,True,False,Low
USA,Medium,Technology,Software,"Dillingham, AK, USA",,2070.0,AK,Name6011529,True,True,False,Medium
USA,Medium,Technology,Software,"Dillingham, AK, USA",,2070.0,AK,Name6011530,False,False,True,Severe
USA,Medium,Technology,Software,"Dillingham, AK, USA",,2070.0,AK,Name6011531,True,True,False,Medium
USA,Medium,Technology,Software,"Dillingham, AK, USA",,2070.0,AK,Name6011532,True,True,False,High
USA,Medium,Technology,Software,"Dillingham, AK, USA",,2070.0,AK,Name6011533,False,True,False,Low
USA,Medium,Technology,Software,"Dillingham, AK, USA",,2070.0,AK,Name6011535,False,True,True,Severe
USA,Medium,Technology,Hardware,"Dillingham, AK, USA",,2070.0,AK,Name6011536,False,True,True,Severe
USA,Medium,Technology,Hardware,"Dillingham, AK, USA",,2070.0,AK,Name6011538,True,False,False,High
USA,Medium,Technology,Hardware,"Dillingham, AK, USA",,2070.0,AK,Name6011539,False,False,True,High
USA,Medium,Technology,Hardware,"Dillingham, AK, USA",,2070.0,AK,Name6011540,True,True,False,Severe
USA,Medium,Technology,Hardware,"Dillingham, AK, USA",,2070.0,AK,Name6011541,True,True,False,Severe
USA,Medium,Technology,Hardware,"Dillingham, AK, USA",,2070.0,AK,Name6011542,True,True,False,Severe
USA,Medium,Technology,Hardware,"Dillingham, AK, USA",,2070.0,AK,Name6011543,False,True,False,Severe
USA,Medium,Technology,Hardware,"Dillingham, AK, USA",,2070.0,AK,Name6011544,True,True,False,Medium
USA,Medium,Technology,IT Services,"Dillingham, AK, USA",,2070.0,AK,Name6011545,True,True,False,Severe
USA,Medium,Technology,IT Services,"Dillingham, AK, USA",,2070.0,AK,Name6011546,False,True,False,Low
USA,Medium,Technology,IT Services,"Dillingham, AK, USA",,2070.0,AK,Name6011547,True,False,False,Severe
USA,Medium,Technology,IT Services,"Dillingham, AK, USA",,2070.0,AK,Name6011548,True,True,False,Medium
USA,Medium,Technology,IT Services,"Dillingham, AK, USA",,2070.0,AK,Name6011550,True,False,False,Low
USA,Medium,Technology,IT Services,"Dillingham, AK, USA",,2070.0,AK,Name6011551,True,True,False,High
USA,Medium,Technology,IT Services,"Dillingham, AK, USA",,2070.0,AK,Name6011552,True,True,False,Medium
USA,Medium,Technology,IT Services,"Dillingham, AK, USA",,2070.0,AK,Name6011553,True,False,False,Low
USA,Medium,Technology,IT Services,"Dillingham, AK, USA",,2070.0,AK,Name6011555,True,True,False,Severe
USA,Medium,Technology,IT Services,"Dillingham, AK, USA",,2070.0,AK,Name6011556,True,True,False,Medium
USA,Medium,Technology,IT Services,"Dillingham, AK, USA",,2070.0,AK,Name6011557,False,False,True,High
USA,Medium,Healthcare,Pharmaceuticals,"Dillingham, AK, USA",,2070.0,AK,Name6011558,False,True,True,Medium
USA,Medium,Healthcare,Pharmaceuticals,"Dillingham, AK, USA",,2070.0,AK,Name6011559,True,False,False,Severe
USA,Medium,Healthcare,Pharmaceuticals,"Dillingham, AK, USA",,2070.0,AK,Name6011560,True,True,False,Low
USA,Medium,Healthcare,Pharmaceuticals,"Dillingham, AK, USA",,2070.0,AK,Name6011561,True,True,False,High
USA,Medium,Healthcare,Pharmaceuticals,"Dillingham, AK, USA",,2070.0,AK,Name6011562,False,True,True,High
USA,Medium,Healthcare,Pharmaceuticals,"Dillingham, AK, USA",,2070.0,AK,Name6011563,False,False,True,Medium
USA,Medium,Healthcare,Pharmaceuticals,"Dillingham, AK, USA",,2070.0,AK,Name6011564,True,False,False,Medium
USA,Medium,Healthcare,Pharmaceuticals,"Dillingham, AK, USA",,2070.0,AK,Name6011565,True,False,False,Low
USA,Medium,Healthcare,Pharmaceuticals,"Dillingham, AK, USA",,2070.0,AK,Name6011567,True,True,False,Severe
USA,Medium,Healthcare,Pharmaceuticals,"Dillingham, AK, USA",,2070.0,AK,Name6011568,False,True,True,Severe
USA,Medium,Healthcare,Pharmaceuticals,"Dillingham, AK, USA",,2070.0,AK,Name6011569,False,True,False,Low
USA,Medium,Healthcare,Pharmaceuticals,"Dillingham, AK, USA",,2070.0,AK,Name6011570,False,False,True,Low
USA,Medium,Healthcare,Pharmaceuticals,"Dillingham, AK, USA",,2070.0,AK,Name6011571,True,True,False,Low
USA,Medium,Healthcare,Pharmaceuticals,"Dillingham, AK, USA",,2070.0,AK,Name6011572,False,False,True,Low
USA,Medium,Healthcare,Pharmaceuticals,"Dillingham, AK, USA",,2070.0,AK,Name6011573,True,True,False,Medium
USA,Medium,Healthcare,Pharmaceuticals,"Dillingham, AK, USA",,2070.0,AK,Name6011574,True,True,False,High
USA,Medium,Healthcare,Pharmaceuticals,"Dillingham, AK, USA",,2070.0,AK,Name6011575,False,True,False,Severe
USA,Medium,Healthcare,Pharmaceuticals,"Dillingham, AK, USA",,2070.0,AK,Name6011576,True,False,False,Medium
USA,Medium,Healthcare,Pharmaceuticals,"Dillingham, AK, USA",,2070.0,AK,Name6011577,True,True,False,Severe
USA,Medium,Healthcare,Pharmaceuticals,"Dillingham, AK, USA",,2070.0,AK,Name6011578,False,True,False,High
USA,Medium,Healthcare,Pharmaceuticals,"Dillingham, AK, USA",,2070.0,AK,Name6011579,False,False,True,High
USA,Medium,Healthcare,Pharmaceuticals,"Dillingham, AK, USA",,2070.0,AK,Name6011580,False,True,False,Medium
USA,Medium,Healthcare,Pharmaceuticals,"Dillingham, AK, USA",,2070.0,AK,Name6011581,False,False,True,Medium
USA,Medium,Healthcare,Pharmaceuticals,"Dillingham, AK, USA",,2070.0,AK,Name6011582,False,True,True,Medium
USA,Medium,Healthcare,Pharmaceuticals,"Dillingham, AK, USA",,2070.0,AK,Name6011583,True,False,False,Severe
USA,Medium,Healthcare,Pharmaceuticals,"Dillingham, AK, USA",,2070.0,AK,Name6011584,True,False,False,Severe
USA,Medium,Healthcare,Pharmaceuticals,"Dillingham, AK, USA",,2070.0,AK,Name6011585,True,False,False,High
USA,Medium,Healthcare,Pharmaceuticals,"Dillingham, AK, USA",,2070.0,AK,Name6011586,True,False,False,Severe
USA,Medium,Healthcare,Pharmaceuticals,"Dillingham, AK, USA",,2070.0,AK,Name6011587,False,True,True,Severe
USA,Medium,Healthcare,Pharmaceuticals,"Dillingham, AK, USA",,2070.0,AK,Name6011588,False,False,True,Severe
USA,Medium,Healthcare,Pharmaceuticals,"Dillingham, AK, USA",,2070.0,AK,Name6011589,True,False,False,Low
USA,Medium,Healthcare,Pharmaceuticals,"Dillingham, AK, USA",,2070.0,AK,Name6011590,True,True,False,Medium
USA,Medium,Healthcare,Pharmaceuticals,"Dillingham, AK, USA",,2070.0,AK,Name6011591,True,False,False,Low
USA,Medium,Healthcare,Pharmaceuticals,"Dillingham, AK, USA",,2070.0,AK,Name6011592,False,True,False,Severe
USA,Medium,Healthcare,Pharmaceuticals,"Dillingham, AK, USA",,2070.0,AK,Name6011593,True,True,False,High
USA,Medium,Healthcare,Pharmaceuticals,"Dillingham, AK, USA",,2070.0,AK,Name6011594,True,True,False,High
USA,Medium,Healthcare,Pharmaceuticals,"Dillingham, AK, USA",,2070.0,AK,Name6011595,True,False,False,Medium
USA,Medium,Healthcare,Pharmaceuticals,"Dillingham, AK, USA",,2070.0,AK,Name6011596,False,True,True,High
USA,Medium,Healthcare,Pharmaceuticals,"Dillingham, AK, USA",,2070.0,AK,Name6011598,True,True,False,High
USA,Medium,Healthcare,Pharmaceuticals,"Dillingham, AK, USA",,2070.0,AK,Name6011600,True,False,False,Low
USA,Medium,Healthcare,Pharmaceuticals,"Dillingham, AK, USA",,2070.0,AK,Name6011601,False,True,False,Medium
USA,Medium,Healthcare,Medical Devices,"Dillingham, AK, USA",,2070.0,AK,Name6011602,True,False,False,High
USA,Medium,Healthcare,Medical Devices,"Dillingham, AK, USA",,2070.0,AK,Name6011603,False,True,False,Medium
USA,Medium,Healthcare,Medical Devices,"Dillingham, AK, USA",,2070.0,AK,Name6011604,True,False,False,High
USA,Medium,Healthcare,Medical Devices,"Dillingham, AK, USA",,2070.0,AK,Name6011605,True,False,False,Severe
USA,Medium,Healthcare,Medical Devices,"Dillingham, AK, USA",,2070.0,AK,Name6011606,True,False,False,High
USA,Medium,Healthcare,Medical Devices,"Dillingham, AK, USA",,2070.0,AK,Name6011607,True,False,False,Low
USA,Medium,Healthcare,Medical Devices,"Dillingham, AK, USA",,2070.0,AK,Name6011608,True,True,False,High
USA,Medium,Healthcare,Medical Devices,"Dillingham, AK, USA",,2070.0,AK,Name6011609,True,True,False,Medium
USA,Medium,Healthcare,Medical Devices,"Dillingham, AK, USA",,2070.0,AK,Name6011610,True,True,False,High
USA,Medium,Healthcare,Medical Devices,"Dillingham, AK, USA",,2070.0,AK,Name6011611,False,True,False,Medium
USA,Medium,Healthcare,Medical Devices,"Dillingham, AK, USA",,2070.0,AK,Name6011612,False,False,True,Severe
USA,Medium,Healthcare,Medical Devices,"Dillingham, AK, USA",,2070.0,AK,Name6011613,False,False,True,Medium
USA,Medium,Healthcare,Medical Devices,"Dillingham, AK, USA",,2070.0,AK,Name6011614,True,True,False,High
USA,Medium,Healthcare,Medical Devices,"Dillingham, AK, USA",,2070.0,AK,Name6011616,False,True,False,Severe
USA,Medium,Healthcare,Medical Devices,"Dillingham, AK, USA",,2070.0,AK,Name6011617,True,False,False,Low
USA,Medium,Healthcare,Medical Devices,"Dillingham, AK, USA",,2070.0,AK,Name6011619,True,True,False,Severe
USA,Medium,Healthcare,Medical Devices,"Dillingham, AK, USA",,2070.0,AK,Name6011620,True,False,False,Severe
USA,Medium,Healthcare,Medical Devices,"Dillingham, AK, USA",,2070.0,AK,Name6011621,False,False,True,High
USA,Medium,Healthcare,Medical Devices,"Dillingham, AK, USA",,2070.0,AK,Name6011622,False,True,True,Low
USA,Medium,Healthcare,Medical Devices,"Dillingham, AK, USA",,2070.0,AK,Name6011623,False,True,False,Severe
USA,Medium,Healthcare,Medical Devices,"Dillingham, AK, USA",,2070.0,AK,Name6011624,True,True,False,Low
USA,Medium,Healthcare,Medical Devices,"Dillingham, AK, USA",,2070.0,AK,Name6011628,False,True,False,Medium
USA,Medium,Healthcare,Medical Devices,"Dillingham, AK, USA",,2070.0,AK,Name6011629,False,True,True,Low
USA,Medium,Healthcare,Medical Devices,"Dillingham, AK, USA",,2070.0,AK,Name6011630,True,False,False,Medium
USA,Medium,Healthcare,Medical Devices,"Dillingham, AK, USA",,2070.0,AK,Name6011631,True,False,False,Medium
USA,Medium,Healthcare,Healthcare Services,"Dillingham, AK, USA",,2070.0,AK,Name6011632,False,False,True,High
USA,Medium,Healthcare,Healthcare Services,"Dillingham, AK, USA",,2070.0,AK,Name6011633,False,True,False,Low
USA,Medium,Healthcare,Healthcare Services,"Dillingham, AK, USA",,2070.0,AK,Name6011634,True,False,False,High
USA,Medium,Healthcare,Healthcare Services,"Dillingham, AK, USA",,2070.0,AK,Name6011635,True,False,False,High
USA,Medium,Healthcare,Healthcare Services,"Dillingham, AK, USA",,2070.0,AK,Name6011636,False,True,False,High
USA,Medium,Healthcare,Healthcare Services,"Dillingham, AK, USA",,2070.0,AK,Name6011637,True,True,False,Medium
USA,Medium,Healthcare,Healthcare Services,"Dillingham, AK, USA",,2070.0,AK,Name6011638,False,True,True,High
USA,Medium,Healthcare,Healthcare Services,"Dillingham, AK, USA",,2070.0,AK,Name6011639,True,False,False,Low
USA,Medium,Healthcare,Healthcare Services,"Dillingham, AK, USA",,2070.0,AK,Name6011640,True,True,False,Severe
USA,Medium,Healthcare,Healthcare Services,"Dillingham, AK, USA",,2070.0,AK,Name6011641,True,False,False,Medium
USA,Medium,Healthcare,Healthcare Services,"Dillingham, AK, USA",,2070.0,AK,Name6011642,True,False,False,High
USA,Medium,Healthcare,Healthcare Services,"Dillingham, AK, USA",,2070.0,AK,Name6011643,False,False,True,Severe
USA,Medium,Healthcare,Healthcare Services,"Dillingham, AK, USA",,2070.0,AK,Name6011644,False,True,False,Severe
USA,Medium,Healthcare,Healthcare Services,"Dillingham, AK, USA",,2070.0,AK,Name6011645,True,True,False,Low
USA,Medium,Healthcare,Healthcare Services,"Dillingham, AK, USA",,2070.0,AK,Name6011646,True,True,False,High
USA,Medium,Healthcare,Healthcare Services,"Dillingham, AK, USA",,2070.0,AK,Name6011648,True,True,False,Medium
USA,Medium,Healthcare,Healthcare Services,"Dillingham, AK, USA",,2070.0,AK,Name6011649,True,False,False,High
USA,Medium,Healthcare,Healthcare Services,"Dillingham, AK, USA",,2070.0,AK,Name6011650,False,False,True,Low
USA,Medium,Healthcare,Healthcare Services,"Dillingham, AK, USA",,2070.0,AK,Name6011652,False,True,False,Low
USA,Medium,Healthcare,Healthcare Services,"Dillingham, AK, USA",,2070.0,AK,Name6011653,False,True,False,Medium
USA,Medium,Healthcare,Healthcare Services,"Dillingham, AK, USA",,2070.0,AK,Name6011654,False,True,True,Medium
USA,Medium,Healthcare,Healthcare Services,"Dillingham, AK, USA",,2070.0,AK,Name6011655,True,True,False,Severe
USA,Medium,Healthcare,Healthcare Services,"Dillingham, AK, USA",,2070.0,AK,Name6011656,False,False,True,Severe
USA,Medium,Healthcare,Healthcare Services,"Dillingham, AK, USA",,2070.0,AK,Name6011657,False,False,True,Severe
USA,Medium,Healthcare,Healthcare Services,"Dillingham, AK, USA",,2070.0,AK,Name6011658,True,True,False,High
USA,Medium,Healthcare,Healthcare Services,"Dillingham, AK, USA",,2070.0,AK,Name6011659,False,True,True,Low
USA,Medium,Healthcare,Healthcare Services,"Dillingham, AK, USA",,2070.0,AK,Name6011660,True,True,False,High
USA,Medium,Healthcare,Healthcare Services,"Dillingham, AK, USA",,2070.0,AK,Name6011661,False,False,True,Medium
USA,Medium,Healthcare,Healthcare Services,"Dillingham, AK, USA",,2070.0,AK,Name6011662,True,False,False,High
USA,Medium,Healthcare,Healthcare Services,"Dillingham, AK, USA",,2070.0,AK,Name6011663,True,True,False,High
USA,Medium,Healthcare,Healthcare Services,"Dillingham, AK, USA",,2070.0,AK,Name6011664,True,False,False,Low
USA,Medium,Finance,Banking,"Dillingham, AK, USA",,2070.0,AK,Name6011665,True,True,False,Severe
USA,Medium,Finance,Banking,"Dillingham, AK, USA",,2070.0,AK,Name6011666,True,True,False,Severe
USA,Medium,Finance,Banking,"Dillingham, AK, USA",,2070.0,AK,Name6011668,False,True,True,Severe
USA,Medium,Finance,Banking,"Dillingham, AK, USA",,2070.0,AK,Name6011669,True,True,False,Low
USA,Medium,Finance,Banking,"Dillingham, AK, USA",,2070.0,AK,Name6011670,False,True,True,Low
USA,Medium,Finance,Banking,"Dillingham, AK, USA",,2070.0,AK,Name6011671,True,False,False,Severe
USA,Medium,Finance,Banking,"Dillingham, AK, USA",,2070.0,AK,Name6011672,True,False,False,Medium
USA,Medium,Finance,Banking,"Dillingham, AK, USA",,2070.0,AK,Name6011673,True,False,False,Low
USA,Medium,Finance,Banking,"Dillingham, AK, USA",,2070.0,AK,Name6011674,True,True,False,Severe
USA,Medium,Finance,Banking,"Dillingham, AK, USA",,2070.0,AK,Name6011676,False,True,False,High
USA,Medium,Finance,Banking,"Dillingham, AK, USA",,2070.0,AK,Name6011677,True,True,False,Medium
USA,Medium,Finance,Banking,"Dillingham, AK, USA",,2070.0,AK,Name6011678,True,False,False,Medium
USA,Medium,Finance,Banking,"Dillingham, AK, USA",,2070.0,AK,Name6011680,True,False,False,Medium
USA,Medium,Finance,Banking,"Dillingham, AK, USA",,2070.0,AK,Name6011681,False,True,True,Low
USA,Medium,Finance,Banking,"Dillingham, AK, USA",,2070.0,AK,Name6011682,False,False,True,High
USA,Medium,Finance,Banking,"Dillingham, AK, USA",,2070.0,AK,Name6011683,True,False,False,Low
USA,Medium,Finance,Banking,"Dillingham, AK, USA",,2070.0,AK,Name6011684,True,True,False,High
USA,Medium,Finance,Banking,"Dillingham, AK, USA",,2070.0,AK,Name6011685,True,True,False,Severe
USA,Medium,Finance,Banking,"Dillingham, AK, USA",,2070.0,AK,Name6011686,False,True,True,Severe
USA,Medium,Finance,Banking,"Dillingham, AK, USA",,2070.0,AK,Name6011687,True,True,False,Severe
USA,Medium,Finance,Banking,"Dillingham, AK, USA",,2070.0,AK,Name6011689,True,False,False,Severe
USA,Medium,Finance,Banking,"Dillingham, AK, USA",,2070.0,AK,Name6011690,False,True,True,Medium
USA,Medium,Finance,Banking,"Dillingham, AK, USA",,2070.0,AK,Name6011691,False,True,True,High
USA,Medium,Finance,Banking,"Dillingham, AK, USA",,2070.0,AK,Name6011692,True,True,False,Severe
USA,Medium,Finance,Banking,"Dillingham, AK, USA",,2070.0,AK,Name6011693,False,False,True,High
USA,Medium,Finance,Banking,"Dillingham, AK, USA",,2070.0,AK,Name6011694,True,False,False,High
USA,Medium,Finance,Banking,"Dillingham, AK, USA",,2070.0,AK,Name6011695,True,False,False,Medium
USA,Medium,Finance,Banking,"Dillingham, AK, USA",,2070.0,AK,Name6011696,True,False,False,High
USA,Medium,Finance,Banking,"Dillingham, AK, USA",,2070.0,AK,Name6011698,True,True,False,High
USA,Medium,Finance,Banking,"Dillingham, AK, USA",,2070.0,AK,Name6011699,True,False,False,Medium
USA,Medium,Finance,Banking,"Dillingham, AK, USA",,2070.0,AK,Name6011700,False,True,False,High
USA,Medium,Finance,Banking,"Dillingham, AK, USA",,2070.0,AK,Name6011701,True,False,False,Severe
USA,Medium,Finance,Banking,"Dillingham, AK, USA",,2070.0,AK,Name6011702,False,False,True,High
USA,Medium,Finance,Banking,"Dillingham, AK, USA",,2070.0,AK,Name6011703,False,True,False,High
USA,Medium,Finance,Banking,"Dillingham, AK, USA",,2070.0,AK,Name6011704,True,True,False,Medium
USA,Medium,Finance,Banking,"Dillingham, AK, USA",,2070.0,AK,Name6011706,False,False,True,Medium
USA,Medium,Finance,Banking,"Dillingham, AK, USA",,2070.0,AK,Name6011707,True,False,False,Severe
USA,Medium,Finance,Banking,"Dillingham, AK, USA",,2070.0,AK,Name6011708,False,False,True,Severe
USA,Medium,Finance,Banking,"Dillingham, AK, USA",,2070.0,AK,Name6011709,True,True,False,Medium
USA,Medium,Finance,Banking,"Dillingham, AK, USA",,2070.0,AK,Name6011712,True,False,False,Medium
USA,Medium,Finance,Banking,"Dillingham, AK, USA",,2070.0,AK,Name6011713,True,True,False,High
USA,Medium,Finance,Insurance,"Dillingham, AK, USA",,2070.0,AK,Name6011714,True,True,False,High
USA,Medium,Finance,Insurance,"Dillingham, AK, USA",,2070.0,AK,Name6011715,False,False,True,Severe
USA,Medium,Finance,Insurance,"Dillingham, AK, USA",,2070.0,AK,Name6011716,True,True,False,Low
USA,Medium,Finance,Insurance,"Dillingham, AK, USA",,2070.0,AK,Name6011717,False,True,False,Severe
USA,Medium,Finance,Insurance,"Dillingham, AK, USA",,2070.0,AK,Name6011718,True,True,False,High
USA,Medium,Finance,Insurance,"Dillingham, AK, USA",,2070.0,AK,Name6011719,True,False,False,Severe
USA,Medium,Finance,Insurance,"Dillingham, AK, USA",,2070.0,AK,Name6011720,True,True,False,Medium
USA,Medium,Finance,Insurance,"Dillingham, AK, USA",,2070.0,AK,Name6011721,True,True,False,Low
USA,Medium,Finance,Insurance,"Dillingham, AK, USA",,2070.0,AK,Name6011722,False,True,True,Severe
USA,Medium,Finance,Insurance,"Dillingham, AK, USA",,2070.0,AK,Name6011723,True,False,False,Low
USA,Medium,Finance,Insurance,"Dillingham, AK, USA",,2070.0,AK,Name6011724,False,True,True,Severe
USA,Medium,Finance,Insurance,"Dillingham, AK, USA",,2070.0,AK,Name6011725,True,False,False,Severe
USA,Medium,Finance,Insurance,"Dillingham, AK, USA",,2070.0,AK,Name6011726,False,True,True,Medium
USA,Medium,Finance,Insurance,"Dillingham, AK, USA",,2070.0,AK,Name6011727,True,True,False,Low
USA,Medium,Finance,Insurance,"Dillingham, AK, USA",,2070.0,AK,Name6011728,True,False,False,Low
USA,Medium,Finance,Insurance,"Dillingham, AK, USA",,2070.0,AK,Name6011729,False,True,True,Medium
USA,Medium,Finance,Insurance,"Dillingham, AK, USA",,2070.0,AK,Name6011730,True,True,False,Low
USA,Medium,Finance,Insurance,"Dillingham, AK, USA",,2070.0,AK,Name6011731,False,True,True,High
USA,Medium,Finance,Insurance,"Dillingham, AK, USA",,2070.0,AK,Name6011732,True,True,False,Low
USA,Medium,Finance,Insurance,"Dillingham, AK, USA",,2070.0,AK,Name6011733,False,True,True,High
USA,Medium,Finance,Insurance,"Dillingham, AK, USA",,2070.0,AK,Name6011735,False,True,False,Medium
USA,Medium,Finance,Insurance,"Dillingham, AK, USA",,2070.0,AK,Name6011736,False,False,True,Low
USA,Medium,Finance,Insurance,"Dillingham, AK, USA",,2070.0,AK,Name6011737,True,True,False,Low
USA,Medium,Finance,Insurance,"Dillingham, AK, USA",,2070.0,AK,Name6011738,True,False,False,Low
USA,Medium,Finance,Insurance,"Dillingham, AK, USA",,2070.0,AK,Name6011740,True,False,False,Medium
USA,Medium,Finance,Insurance,"Dillingham, AK, USA",,2070.0,AK,Name6011741,True,False,False,Medium
USA,Medium,Finance,Insurance,"Dillingham, AK, USA",,2070.0,AK,Name6011743,True,False,False,High
USA,Medium,Finance,Insurance,"Dillingham, AK, USA",,2070.0,AK,Name6011744,False,True,False,Severe
USA,Medium,Finance,Insurance,"Dillingham, AK, USA",,2070.0,AK,Name6011745,True,False,False,Severe
USA,Medium,Finance,Insurance,"Dillingham, AK, USA",,2070.0,AK,Name6011746,True,True,False,Severe
USA,Medium,Finance,Insurance,"Dillingham, AK, USA",,2070.0,AK,Name6011747,False,False,True,High
USA,Medium,Finance,Insurance,"Dillingham, AK, USA",,2070.0,AK,Name6011748,True,False,False,Low
USA,Medium,Finance,Insurance,"Dillingham, AK, USA",,2070.0,AK,Name6011749,True,True,False,Medium
USA,Medium,Finance,Insurance,"Dillingham, AK, USA",,2070.0,AK,Name6011750,False,False,True,Medium
USA,Medium,Finance,Insurance,"Dillingham, AK, USA",,2070.0,AK,Name6011752,False,True,True,Medium
USA,Medium,Finance,Insurance,"Dillingham, AK, USA",,2070.0,AK,Name6011753,True,True,False,Severe
USA,Medium,Finance,Insurance,"Dillingham, AK, USA",,2070.0,AK,Name6011754,False,False,True,Low
USA,Medium,Finance,Insurance,"Dillingham, AK, USA",,2070.0,AK,Name6011755,True,True,False,High
USA,Medium,Finance,Insurance,"Dillingham, AK, USA",,2070.0,AK,Name6011756,False,False,True,Severe
USA,Medium,Finance,Investment Services,"Dillingham, AK, USA",,2070.0,AK,Name6011757,True,False,False,Low
USA,Medium,Finance,Investment Services,"Dillingham, AK, USA",,2070.0,AK,Name6011758,True,True,False,Severe
USA,Medium,Finance,Investment Services,"Dillingham, AK, USA",,2070.0,AK,Name6011759,True,False,False,High
USA,Medium,Finance,Investment Services,"Dillingham, AK, USA",,2070.0,AK,Name6011760,False,True,False,High
USA,Medium,Finance,Investment Services,"Dillingham, AK, USA",,2070.0,AK,Name6011761,True,True,False,Medium
USA,Medium,Finance,Investment Services,"Dillingham, AK, USA",,2070.0,AK,Name6011762,False,True,False,Severe
USA,Medium,Finance,Investment Services,"Dillingham, AK, USA",,2070.0,AK,Name6011763,False,True,True,High
USA,Medium,Finance,Investment Services,"Dillingham, AK, USA",,2070.0,AK,Name6011764,True,True,False,Medium
USA,Medium,Finance,Investment Services,"Dillingham, AK, USA",,2070.0,AK,Name6011765,True,True,False,High
USA,Medium,Finance,Investment Services,"Dillingham, AK, USA",,2070.0,AK,Name6011766,False,True,True,Low
USA,Medium,Finance,Investment Services,"Dillingham, AK, USA",,2070.0,AK,Name6011769,False,True,False,Low
USA,Medium,Finance,Investment Services,"Dillingham, AK, USA",,2070.0,AK,Name6011770,True,True,False,High
USA,Medium,Finance,Investment Services,"Dillingham, AK, USA",,2070.0,AK,Name6011771,True,True,False,High
USA,Medium,Finance,Investment Services,"Dillingham, AK, USA",,2070.0,AK,Name6011772,True,False,False,Severe
USA,Medium,Finance,Investment Services,"Dillingham, AK, USA",,2070.0,AK,Name6011773,False,True,True,Severe
USA,Medium,Finance,Investment Services,"Dillingham, AK, USA",,2070.0,AK,Name6011774,True,False,False,High
USA,Medium,Finance,Investment Services,"Dillingham, AK, USA",,2070.0,AK,Name6011775,False,False,True,Medium
USA,Medium,Finance,Investment Services,"Dillingham, AK, USA",,2070.0,AK,Name6011776,True,True,False,High
USA,Medium,Finance,Investment Services,"Dillingham, AK, USA",,2070.0,AK,Name6011777,True,False,False,Low
USA,Medium,Finance,Investment Services,"Dillingham, AK, USA",,2070.0,AK,Name6011778,True,False,False,Severe
USA,Medium,Finance,Investment Services,"Dillingham, AK, USA",,2070.0,AK,Name6011779,True,False,False,Severe
USA,Medium,Finance,Investment Services,"Dillingham, AK, USA",,2070.0,AK,Name6011780,False,True,False,Medium
USA,Medium,Finance,Investment Services,"Dillingham, AK, USA",,2070.0,AK,Name6011781,False,False,True,Severe
USA,Medium,Finance,Investment Services,"Dillingham, AK, USA",,2070.0,AK,Name6011782,True,False,False,High
USA,Medium,Finance,Investment Services,"Dillingham, AK, USA",,2070.0,AK,Name6011783,False,False,True,High
USA,Medium,Finance,Investment Services,"Dillingham, AK, USA",,2070.0,AK,Name6011784,False,True,False,Low
USA,Medium,Finance,Investment Services,"Dillingham, AK, USA",,2070.0,AK,Name6011785,True,False,False,High
USA,Medium,Energy,Oil & Gas,"Dillingham, AK, USA",,2070.0,AK,Name6011786,False,True,False,High
USA,Medium,Energy,Oil & Gas,"Dillingham, AK, USA",,2070.0,AK,Name6011787,False,True,True,Low
USA,Medium,Energy,Oil & Gas,"Dillingham, AK, USA",,2070.0,AK,Name6011788,False,False,True,High
USA,Medium,Energy,Oil & Gas,"Dillingham, AK, USA",,2070.0,AK,Name6011789,True,True,False,Medium
USA,Medium,Energy,Oil & Gas,"Dillingham, AK, USA",,2070.0,AK,Name6011790,False,False,True,Low
USA,Medium,Energy,Oil & Gas,"Dillingham, AK, USA",,2070.0,AK,Name6011791,True,False,False,High
USA,Medium,Energy,Oil & Gas,"Dillingham, AK, USA",,2070.0,AK,Name6011792,True,False,False,Severe
USA,Medium,Energy,Renewable Energy,"Dillingham, AK, USA",,2070.0,AK,Name6011793,False,False,True,Medium
USA,Medium,Energy,Renewable Energy,"Dillingham, AK, USA",,2070.0,AK,Name6011794,True,False,False,Severe
USA,Medium,Energy,Renewable Energy,"Dillingham, AK, USA",,2070.0,AK,Name6011795,True,True,False,Severe
USA,Medium,Energy,Renewable Energy,"Dillingham, AK, USA",,2070.0,AK,Name6011796,False,True,False,High
USA,Medium,Energy,Renewable Energy,"Dillingham, AK, USA",,2070.0,AK,Name6011797,False,True,True,High
USA,Medium,Energy,Renewable Energy,"Dillingham, AK, USA",,2070.0,AK,Name6011798,True,False,False,Severe
USA,Medium,Energy,Renewable Energy,"Dillingham, AK, USA",,2070.0,AK,Name6011799,False,True,False,Low
USA,Medium,Energy,Renewable Energy,"Dillingham, AK, USA",,2070.0,AK,Name6011800,False,False,True,High
USA,Medium,Energy,Renewable Energy,"Dillingham, AK, USA",,2070.0,AK,Name6011802,True,True,False,Severe
USA,Medium,Energy,Renewable Energy,"Dillingham, AK, USA",,2070.0,AK,Name6011803,True,True,False,Medium
USA,Medium,Energy,Renewable Energy,"Dillingham, AK, USA",,2070.0,AK,Name6011804,True,False,False,High
USA,Medium,Energy,Renewable Energy,"Dillingham, AK, USA",,2070.0,AK,Name6011805,False,True,True,Medium
USA,Medium,Energy,Renewable Energy,"Dillingham, AK, USA",,2070.0,AK,Name6011806,False,True,False,High
USA,Medium,Energy,Renewable Energy,"Dillingham, AK, USA",,2070.0,AK,Name6011807,True,True,False,Low
USA,Medium,Energy,Renewable Energy,"Dillingham, AK, USA",,2070.0,AK,Name6011808,False,False,True,Medium
USA,Medium,Energy,Renewable Energy,"Dillingham, AK, USA",,2070.0,AK,Name6011810,False,True,True,Severe
USA,Medium,Energy,Renewable Energy,"Dillingham, AK, USA",,2070.0,AK,Name6011812,False,False,True,Severe
USA,Medium,Energy,Renewable Energy,"Dillingham, AK, USA",,2070.0,AK,Name6011813,True,True,False,Severe
USA,Medium,Energy,Renewable Energy,"Dillingham, AK, USA",,2070.0,AK,Name6011814,False,True,False,Low
USA,Medium,Energy,Renewable Energy,"Dillingham, AK, USA",,2070.0,AK,Name6011815,False,True,False,High
USA,Medium,Energy,Renewable Energy,"Dillingham, AK, USA",,2070.0,AK,Name6011816,True,True,False,Severe
USA,Medium,Energy,Renewable Energy,"Dillingham, AK, USA",,2070.0,AK,Name6011817,False,False,True,Low
USA,Medium,Energy,Renewable Energy,"Dillingham, AK, USA",,2070.0,AK,Name6011818,False,False,True,High
USA,Medium,Energy,Renewable Energy,"Dillingham, AK, USA",,2070.0,AK,Name6011819,False,False,True,Medium
USA,Medium,Energy,Renewable Energy,"Dillingham, AK, USA",,2070.0,AK,Name6011820,True,True,False,Medium
USA,Medium,Energy,Renewable Energy,"Dillingham, AK, USA",,2070.0,AK,Name6011821,True,False,False,Severe
USA,Medium,Energy,Renewable Energy,"Dillingham, AK, USA",,2070.0,AK,Name6011822,False,True,False,Severe
USA,Medium,Energy,Renewable Energy,"Dillingham, AK, USA",,2070.0,AK,Name6011823,False,True,True,Severe
USA,Medium,Energy,Renewable Energy,"Dillingham, AK, USA",,2070.0,AK,Name6011824,True,False,False,Low
USA,Medium,Energy,Renewable Energy,"Dillingham, AK, USA",,2070.0,AK,Name6011825,False,True,False,Severe
USA,Medium,Energy,Renewable Energy,"Dillingham, AK, USA",,2070.0,AK,Name6011826,False,True,True,Severe
USA,Medium,Energy,Energy Exploration,"Dillingham, AK, USA",,2070.0,AK,Name6011827,True,True,False,Low
USA,Medium,Energy,Energy Exploration,"Dillingham, AK, USA",,2070.0,AK,Name6011829,False,True,True,Medium
USA,Medium,Energy,Energy Exploration,"Dillingham, AK, USA",,2070.0,AK,Name6011830,True,True,False,High
USA,Medium,Energy,Energy Exploration,"Dillingham, AK, USA",,2070.0,AK,Name6011831,False,True,False,High
USA,Medium,Consumer Goods,Food & Beverage,"Dillingham, AK, USA",,2070.0,AK,Name6011832,True,False,False,High
USA,Medium,Consumer Goods,Food & Beverage,"Dillingham, AK, USA",,2070.0,AK,Name6011833,False,True,False,Severe
USA,Medium,Consumer Goods,Food & Beverage,"Dillingham, AK, USA",,2070.0,AK,Name6011834,True,False,False,Low
USA,Medium,Consumer Goods,Food & Beverage,"Dillingham, AK, USA",,2070.0,AK,Name6011835,True,True,False,Medium
USA,Medium,Consumer Goods,Food & Beverage,"Dillingham, AK, USA",,2070.0,AK,Name6011836,True,False,False,Severe
USA,Medium,Consumer Goods,Food & Beverage,"Dillingham, AK, USA",,2070.0,AK,Name6011838,False,False,True,High
USA,Medium,Consumer Goods,Food & Beverage,"Dillingham, AK, USA",,2070.0,AK,Name6011841,True,True,False,Medium
USA,Medium,Consumer Goods,Food & Beverage,"Dillingham, AK, USA",,2070.0,AK,Name6011842,False,False,True,High
USA,Medium,Consumer Goods,Food & Beverage,"Dillingham, AK, USA",,2070.0,AK,Name6011843,False,True,False,High
USA,Medium,Consumer Goods,Food & Beverage,"Dillingham, AK, USA",,2070.0,AK,Name6011844,False,False,True,Severe
USA,Medium,Consumer Goods,Food & Beverage,"Dillingham, AK, USA",,2070.0,AK,Name6011845,False,False,True,High
USA,Medium,Consumer Goods,Food & Beverage,"Dillingham, AK, USA",,2070.0,AK,Name6011847,False,True,True,Medium
USA,Medium,Consumer Goods,Food & Beverage,"Dillingham, AK, USA",,2070.0,AK,Name6011848,False,False,True,Medium
USA,Medium,Consumer Goods,Food & Beverage,"Dillingham, AK, USA",,2070.0,AK,Name6011849,False,True,True,Low
USA,Medium,Consumer Goods,Food & Beverage,"Dillingham, AK, USA",,2070.0,AK,Name6011850,False,True,False,High
USA,Medium,Consumer Goods,Food & Beverage,"Dillingham, AK, USA",,2070.0,AK,Name6011851,True,False,False,Medium
USA,Medium,Consumer Goods,Food & Beverage,"Dillingham, AK, USA",,2070.0,AK,Name6011852,True,False,False,Severe
USA,Medium,Consumer Goods,Food & Beverage,"Dillingham, AK, USA",,2070.0,AK,Name6011853,True,True,False,Low
USA,Medium,Consumer Goods,Food & Beverage,"Dillingham, AK, USA",,2070.0,AK,Name6011854,False,False,True,Medium
USA,Medium,Consumer Goods,Food & Beverage,"Dillingham, AK, USA",,2070.0,AK,Name6011855,False,False,True,High
USA,Medium,Consumer Goods,Food & Beverage,"Dillingham, AK, USA",,2070.0,AK,Name6011856,True,False,False,Medium
USA,Medium,Consumer Goods,Food & Beverage,"Dillingham, AK, USA",,2070.0,AK,Name6011857,True,True,False,Medium
USA,Medium,Consumer Goods,Food & Beverage,"Dillingham, AK, USA",,2070.0,AK,Name6011858,True,False,False,Severe
USA,Medium,Consumer Goods,Food & Beverage,"Dillingham, AK, USA",,2070.0,AK,Name6011859,False,True,True,Low
USA,Medium,Consumer Goods,Food & Beverage,"Dillingham, AK, USA",,2070.0,AK,Name6011860,True,False,False,Low
USA,Medium,Consumer Goods,Household Products,"Dillingham, AK, USA",,2070.0,AK,Name6011861,True,True,False,Medium
USA,Medium,Consumer Goods,Household Products,"Dillingham, AK, USA",,2070.0,AK,Name6011862,True,True,False,Low
USA,Medium,Consumer Goods,Household Products,"Dillingham, AK, USA",,2070.0,AK,Name6011863,False,False,True,High
USA,Medium,Consumer Goods,Household Products,"Dillingham, AK, USA",,2070.0,AK,Name6011864,True,True,False,High
USA,Medium,Consumer Goods,Household Products,"Dillingham, AK, USA",,2070.0,AK,Name6011865,True,True,False,Low
USA,Medium,Consumer Goods,Household Products,"Dillingham, AK, USA",,2070.0,AK,Name6011866,True,True,False,High
USA,Medium,Consumer Goods,Household Products,"Dillingham, AK, USA",,2070.0,AK,Name6011867,False,False,True,Low
USA,Medium,Consumer Goods,Household Products,"Dillingham, AK, USA",,2070.0,AK,Name6011868,False,True,True,Low
USA,Medium,Consumer Goods,Household Products,"Dillingham, AK, USA",,2070.0,AK,Name6011869,False,True,False,Medium
USA,Medium,Consumer Goods,Household Products,"Dillingham, AK, USA",,2070.0,AK,Name6011870,True,True,False,Severe
USA,Medium,Consumer Goods,Household Products,"Dillingham, AK, USA",,2070.0,AK,Name6011871,True,True,False,High
USA,Medium,Consumer Goods,Household Products,"Dillingham, AK, USA",,2070.0,AK,Name6011872,True,True,False,Medium
USA,Medium,Consumer Goods,Household Products,"Dillingham, AK, USA",,2070.0,AK,Name6011873,True,False,False,High
USA,Medium,Consumer Goods,Household Products,"Dillingham, AK, USA",,2070.0,AK,Name6011875,False,False,True,Severe
USA,Medium,Consumer Goods,Household Products,"Dillingham, AK, USA",,2070.0,AK,Name6011876,False,True,True,Low
USA,Medium,Consumer Goods,Household Products,"Dillingham, AK, USA",,2070.0,AK,Name6011877,True,False,False,Medium
USA,Medium,Consumer Goods,Household Products,"Dillingham, AK, USA",,2070.0,AK,Name6011878,True,True,False,High
USA,Medium,Consumer Goods,Household Products,"Dillingham, AK, USA",,2070.0,AK,Name6011879,False,False,True,Low
USA,Medium,Consumer Goods,Household Products,"Dillingham, AK, USA",,2070.0,AK,Name6011880,True,True,False,High
USA,Medium,Consumer Goods,Household Products,"Dillingham, AK, USA",,2070.0,AK,Name6011881,False,True,True,Low
USA,Medium,Consumer Goods,Household Products,"Dillingham, AK, USA",,2070.0,AK,Name6011882,False,False,True,Medium
USA,Medium,Consumer Goods,Household Products,"Dillingham, AK, USA",,2070.0,AK,Name6011883,True,True,False,High
USA,Medium,Consumer Goods,Household Products,"Dillingham, AK, USA",,2070.0,AK,Name6011884,True,False,False,Low
USA,Medium,Consumer Goods,Household Products,"Dillingham, AK, USA",,2070.0,AK,Name6011885,False,True,True,Medium
USA,Medium,Consumer Goods,Household Products,"Dillingham, AK, USA",,2070.0,AK,Name6011886,False,False,True,Medium
USA,Medium,Consumer Goods,Household Products,"Dillingham, AK, USA",,2070.0,AK,Name6011887,False,False,True,Medium
USA,Medium,Consumer Goods,Household Products,"Dillingham, AK, USA",,2070.0,AK,Name6011888,False,False,True,Medium
USA,Medium,Consumer Goods,Household Products,"Dillingham, AK, USA",,2070.0,AK,Name6011889,False,True,False,Low
USA,Medium,Consumer Goods,Household Products,"Dillingham, AK, USA",,2070.0,AK,Name6011890,False,False,True,High
USA,Medium,Consumer Goods,Household Products,"Dillingham, AK, USA",,2070.0,AK,Name6011891,True,True,False,High
USA,Medium,Consumer Goods,Household Products,"Dillingham, AK, USA",,2070.0,AK,Name6011892,True,True,False,High
USA,Medium,Consumer Goods,Apparel,"Dillingham, AK, USA",,2070.0,AK,Name6011893,True,False,False,Low
USA,Medium,Consumer Goods,Apparel,"Dillingham, AK, USA",,2070.0,AK,Name6011894,True,True,False,Medium
USA,Medium,Consumer Goods,Apparel,"Dillingham, AK, USA",,2070.0,AK,Name6011895,True,True,False,Low
USA,Medium,Consumer Goods,Apparel,"Dillingham, AK, USA",,2070.0,AK,Name6011896,True,True,False,Severe
USA,Medium,Consumer Goods,Apparel,"Dillingham, AK, USA",,2070.0,AK,Name6011897,False,True,True,High
USA,Medium,Consumer Goods,Apparel,"Dillingham, AK, USA",,2070.0,AK,Name6011898,False,True,True,High
USA,Medium,Consumer Goods,Apparel,"Dillingham, AK, USA",,2070.0,AK,Name6011899,False,False,True,Severe
USA,Medium,Consumer Goods,Apparel,"Dillingham, AK, USA",,2070.0,AK,Name6011900,False,True,True,Low
USA,Medium,Consumer Goods,Apparel,"Dillingham, AK, USA",,2070.0,AK,Name6011902,True,True,False,High
USA,Medium,Consumer Goods,Apparel,"Dillingham, AK, USA",,2070.0,AK,Name6011903,False,True,True,Low
USA,Medium,Consumer Goods,Apparel,"Dillingham, AK, USA",,2070.0,AK,Name6011904,False,False,True,Severe
USA,Medium,Consumer Goods,Apparel,"Dillingham, AK, USA",,2070.0,AK,Name6011905,True,False,False,High
USA,Medium,Consumer Goods,Apparel,"Dillingham, AK, USA",,2070.0,AK,Name6011906,True,True,False,Severe
USA,Medium,Consumer Goods,Apparel,"Dillingham, AK, USA",,2070.0,AK,Name6011907,True,True,False,High
USA,Medium,Consumer Goods,Apparel,"Dillingham, AK, USA",,2070.0,AK,Name6011908,True,False,False,Medium
USA,Medium,Consumer Goods,Apparel,"Dillingham, AK, USA",,2070.0,AK,Name6011909,True,True,False,Severe
USA,Medium,Consumer Goods,Apparel,"Dillingham, AK, USA",,2070.0,AK,Name6011910,True,False,False,Severe
USA,Medium,Consumer Goods,Apparel,"Dillingham, AK, USA",,2070.0,AK,Name6011911,False,True,False,Severe
USA,Medium,Consumer Goods,Apparel,"Dillingham, AK, USA",,2070.0,AK,Name6011912,True,False,False,High
USA,Medium,Consumer Goods,Apparel,"Dillingham, AK, USA",,2070.0,AK,Name6011914,True,True,False,Severe
USA,Medium,Consumer Goods,Apparel,"Dillingham, AK, USA",,2070.0,AK,Name6011915,False,True,False,Medium
USA,Medium,Consumer Goods,Apparel,"Dillingham, AK, USA",,2070.0,AK,Name6011916,False,True,False,High
USA,Medium,Consumer Goods,Apparel,"Dillingham, AK, USA",,2070.0,AK,Name6011917,False,True,True,Medium
USA,Medium,Consumer Goods,Apparel,"Dillingham, AK, USA",,2070.0,AK,Name6011918,False,True,False,High
USA,Medium,Consumer Goods,Apparel,"Dillingham, AK, USA",,2070.0,AK,Name6011919,True,True,False,Severe
USA,Medium,Consumer Goods,Apparel,"Dillingham, AK, USA",,2070.0,AK,Name6011920,True,False,False,Severe
USA,Medium,Consumer Goods,Apparel,"Dillingham, AK, USA",,2070.0,AK,Name6011921,False,False,True,Severe
USA,Medium,Consumer Goods,Apparel,"Dillingham, AK, USA",,2070.0,AK,Name6011922,True,False,False,Low
USA,Medium,Utilities,Electric,"Dillingham, AK, USA",,2070.0,AK,Name6011925,True,False,False,High
USA,Medium,Utilities,Electric,"Dillingham, AK, USA",,2070.0,AK,Name6011926,True,False,False,Low
USA,Medium,Utilities,Electric,"Dillingham, AK, USA",,2070.0,AK,Name6011927,True,False,False,Severe
USA,Medium,Utilities,Electric,"Dillingham, AK, USA",,2070.0,AK,Name6011928,True,False,False,Medium
USA,Medium,Utilities,Electric,"Dillingham, AK, USA",,2070.0,AK,Name6011929,True,False,False,Medium
USA,Medium,Utilities,Electric,"Dillingham, AK, USA",,2070.0,AK,Name6011930,True,True,False,Severe
USA,Medium,Utilities,Electric,"Dillingham, AK, USA",,2070.0,AK,Name6011931,False,False,True,Medium
USA,Medium,Utilities,Electric,"Dillingham, AK, USA",,2070.0,AK,Name6011932,True,False,False,Medium
USA,Medium,Utilities,Electric,"Dillingham, AK, USA",,2070.0,AK,Name6011933,True,True,False,High
USA,Medium,Utilities,Electric,"Dillingham, AK, USA",,2070.0,AK,Name6011934,False,True,True,Medium
USA,Medium,Utilities,Electric,"Dillingham, AK, USA",,2070.0,AK,Name6011935,False,True,False,Medium
USA,Medium,Utilities,Electric,"Dillingham, AK, USA",,2070.0,AK,Name6011936,True,True,False,Medium
USA,Medium,Utilities,Electric,"Dillingham, AK, USA",,2070.0,AK,Name6011937,True,True,False,Medium
USA,Medium,Utilities,Electric,"Dillingham, AK, USA",,2070.0,AK,Name6011938,False,False,True,Medium
USA,Medium,Utilities,Electric,"Dillingham, AK, USA",,2070.0,AK,Name6011939,True,True,False,Medium
USA,Medium,Utilities,Electric,"Dillingham, AK, USA",,2070.0,AK,Name6011940,False,False,True,Severe
USA,Medium,Utilities,Electric,"Dillingham, AK, USA",,2070.0,AK,Name6011941,False,False,True,Low
USA,Medium,Utilities,Electric,"Dillingham, AK, USA",,2070.0,AK,Name6011942,False,True,False,Medium
USA,Medium,Utilities,Electric,"Dillingham, AK, USA",,2070.0,AK,Name6011943,True,False,False,Severe
USA,Medium,Utilities,Electric,"Dillingham, AK, USA",,2070.0,AK,Name6011944,True,False,False,Medium
USA,Medium,Utilities,Electric,"Dillingham, AK, USA",,2070.0,AK,Name6011945,True,True,False,Severe
USA,Medium,Utilities,Water,"Dillingham, AK, USA",,2070.0,AK,Name6011946,False,False,True,Low
USA,Medium,Utilities,Water,"Dillingham, AK, USA",,2070.0,AK,Name6011947,False,True,True,Medium
USA,Medium,Utilities,Water,"Dillingham, AK, USA",,2070.0,AK,Name6011948,True,True,False,High
USA,Medium,Utilities,Water,"Dillingham, AK, USA",,2070.0,AK,Name6011949,False,True,True,Medium
USA,Medium,Utilities,Water,"Dillingham, AK, USA",,2070.0,AK,Name6011950,False,True,False,Medium
USA,Medium,Utilities,Water,"Dillingham, AK, USA",,2070.0,AK,Name6011951,False,True,False,Low
USA,Medium,Utilities,Water,"Dillingham, AK, USA",,2070.0,AK,Name6011952,False,True,True,Severe
USA,Medium,Utilities,Water,"Dillingham, AK, USA",,2070.0,AK,Name6011953,False,True,True,High
USA,Medium,Utilities,Water,"Dillingham, AK, USA",,2070.0,AK,Name6011954,True,True,False,Low
USA,Medium,Utilities,Water,"Dillingham, AK, USA",,2070.0,AK,Name6011956,False,False,True,Severe
USA,Medium,Utilities,Water,"Dillingham, AK, USA",,2070.0,AK,Name6011957,True,False,False,Severe
USA,Medium,Utilities,Water,"Dillingham, AK, USA",,2070.0,AK,Name6011958,True,False,False,Medium
USA,Medium,Utilities,Water,"Dillingham, AK, USA",,2070.0,AK,Name6011959,True,True,False,Severe
USA,Medium,Utilities,Water,"Dillingham, AK, USA",,2070.0,AK,Name6011960,False,True,True,Low
USA,Medium,Utilities,Water,"Dillingham, AK, USA",,2070.0,AK,Name6011961,False,False,True,High
USA,Medium,Utilities,Water,"Dillingham, AK, USA",,2070.0,AK,Name6011962,False,True,True,Severe
USA,Medium,Utilities,Water,"Dillingham, AK, USA",,2070.0,AK,Name6011963,False,False,True,High
USA,Medium,Utilities,Water,"Dillingham, AK, USA",,2070.0,AK,Name6011964,False,False,True,Low
USA,Medium,Utilities,Water,"Dillingham, AK, USA",,2070.0,AK,Name6011966,False,False,True,Low
USA,Medium,Utilities,Water,"Dillingham, AK, USA",,2070.0,AK,Name6011967,False,False,True,High
USA,Medium,Utilities,Water,"Dillingham, AK, USA",,2070.0,AK,Name6011968,True,False,False,Severe
USA,Medium,Utilities,Water,"Dillingham, AK, USA",,2070.0,AK,Name6011969,True,False,False,High
USA,Medium,Utilities,Water,"Dillingham, AK, USA",,2070.0,AK,Name6011970,False,True,False,Low
USA,Medium,Utilities,Water,"Dillingham, AK, USA",,2070.0,AK,Name6011971,False,False,True,Low
USA,Medium,Utilities,Water,"Dillingham, AK, USA",,2070.0,AK,Name6011972,True,False,False,Low
USA,Medium,Utilities,Water,"Dillingham, AK, USA",,2070.0,AK,Name6011973,True,True,False,Severe
USA,Medium,Utilities,Water,"Dillingham, AK, USA",,2070.0,AK,Name6011974,True,False,False,Low
USA,Medium,Utilities,Water,"Dillingham, AK, USA",,2070.0,AK,Name6011975,False,True,False,Severe
USA,Medium,Utilities,Water,"Dillingham, AK, USA",,2070.0,AK,Name6011976,False,True,False,Low
USA,Medium,Utilities,Water,"Dillingham, AK, USA",,2070.0,AK,Name6011977,False,True,True,Medium
USA,Medium,Utilities,Water,"Dillingham, AK, USA",,2070.0,AK,Name6011978,True,True,False,Medium
USA,Medium,Utilities,Water,"Dillingham, AK, USA",,2070.0,AK,Name6011979,True,False,False,Low
USA,Medium,Utilities,Water,"Dillingham, AK, USA",,2070.0,AK,Name6011980,True,True,False,Severe
USA,Medium,Utilities,Water,"Dillingham, AK, USA",,2070.0,AK,Name6011982,True,True,False,High
USA,Medium,Utilities,Water,"Dillingham, AK, USA",,2070.0,AK,Name6011983,True,False,False,Low
USA,Medium,Utilities,Water,"Dillingham, AK, USA",,2070.0,AK,Name6011984,False,True,True,Medium
USA,Medium,Utilities,Water,"Dillingham, AK, USA",,2070.0,AK,Name6011985,True,False,False,Medium
USA,Medium,Utilities,Water,"Dillingham, AK, USA",,2070.0,AK,Name6011986,False,True,True,Medium
USA,Medium,Utilities,Water,"Dillingham, AK, USA",,2070.0,AK,Name6011987,True,True,False,Severe
USA,Medium,Utilities,Water,"Dillingham, AK, USA",,2070.0,AK,Name6011988,False,True,True,High
USA,Medium,Utilities,Water,"Dillingham, AK, USA",,2070.0,AK,Name6011989,True,True,False,High
USA,Medium,Utilities,Water,"Dillingham, AK, USA",,2070.0,AK,Name6011990,True,True,False,High
USA,Medium,Utilities,Water,"Dillingham, AK, USA",,2070.0,AK,Name6011991,False,True,True,Low
USA,Medium,Utilities,Water,"Dillingham, AK, USA",,2070.0,AK,Name6011992,False,True,False,Severe
USA,Medium,Utilities,Water,"Dillingham, AK, USA",,2070.0,AK,Name6011993,False,True,False,Severe
USA,Medium,Utilities,Water,"Dillingham, AK, USA",,2070.0,AK,Name6011994,True,False,False,Medium
USA,Medium,Utilities,Gas,"Dillingham, AK, USA",,2070.0,AK,Name6011995,True,False,False,Severe
USA,Medium,Utilities,Gas,"Dillingham, AK, USA",,2070.0,AK,Name6011996,True,True,False,High
USA,Medium,Utilities,Gas,"Dillingham, AK, USA",,2070.0,AK,Name6011997,False,True,False,High
USA,Medium,Utilities,Gas,"Dillingham, AK, USA",,2070.0,AK,Name6011998,False,True,False,Low
USA,Medium,Utilities,Gas,"Dillingham, AK, USA",,2070.0,AK,Name6012000,True,False,False,Medium
USA,Medium,Utilities,Gas,"Dillingham, AK, USA",,2070.0,AK,Name6012001,True,True,False,Medium
USA,Medium,Utilities,Gas,"Dillingham, AK, USA",,2070.0,AK,Name6012002,True,True,False,Low
USA,Medium,Utilities,Gas,"Dillingham, AK, USA",,2070.0,AK,Name6012003,False,True,True,High
USA,Medium,Utilities,Gas,"Dillingham, AK, USA",,2070.0,AK,Name6012004,False,True,False,Low
USA,Medium,Utilities,Gas,"Dillingham, AK, USA",,2070.0,AK,Name6012005,False,False,True,Medium
USA,Medium,Utilities,Gas,"Dillingham, AK, USA",,2070.0,AK,Name6012006,False,True,True,Medium
USA,Medium,Utilities,Gas,"Dillingham, AK, USA",,2070.0,AK,Name6012007,True,False,False,Severe
USA,Medium,Utilities,Gas,"Dillingham, AK, USA",,2070.0,AK,Name6012008,False,False,True,High
USA,Medium,Utilities,Gas,"Dillingham, AK, USA",,2070.0,AK,Name6012009,False,True,True,High
USA,Medium,Utilities,Gas,"Dillingham, AK, USA",,2070.0,AK,Name6012010,False,True,False,Severe
USA,Medium,Utilities,Gas,"Dillingham, AK, USA",,2070.0,AK,Name6012011,True,False,False,Medium
USA,Medium,Utilities,Gas,"Dillingham, AK, USA",,2070.0,AK,Name6012013,False,True,False,Severe
USA,Medium,Utilities,Gas,"Dillingham, AK, USA",,2070.0,AK,Name6012014,False,True,True,Medium
USA,Medium,Utilities,Gas,"Dillingham, AK, USA",,2070.0,AK,Name6012015,True,False,False,Severe
USA,Medium,Utilities,Gas,"Dillingham, AK, USA",,2070.0,AK,Name6012016,True,False,False,High
USA,Medium,Utilities,Gas,"Dillingham, AK, USA",,2070.0,AK,Name6012017,True,False,False,High
USA,Medium,Utilities,Gas,"Dillingham, AK, USA",,2070.0,AK,Name6012020,True,True,False,Medium
USA,Medium,Utilities,Gas,"Dillingham, AK, USA",,2070.0,AK,Name6012021,False,True,False,High
USA,Medium,Utilities,Gas,"Dillingham, AK, USA",,2070.0,AK,Name6012022,False,False,True,Medium
USA,Medium,Utilities,Gas,"Dillingham, AK, USA",,2070.0,AK,Name6012024,True,True,False,Medium
USA,Medium,Utilities,Gas,"Dillingham, AK, USA",,2070.0,AK,Name6012025,False,False,True,High
USA,Medium,Utilities,Gas,"Dillingham, AK, USA",,2070.0,AK,Name6012029,False,True,False,Severe
USA,Medium,Utilities,Gas,"Dillingham, AK, USA",,2070.0,AK,Name6012030,False,True,True,Medium
USA,Medium,Real Estate,Residential,"Dillingham, AK, USA",,2070.0,AK,Name6012031,False,True,False,Medium
USA,Medium,Real Estate,Residential,"Dillingham, AK, USA",,2070.0,AK,Name6012032,False,True,False,Medium
USA,Medium,Real Estate,Residential,"Dillingham, AK, USA",,2070.0,AK,Name6012034,True,False,False,Low
USA,Medium,Real Estate,Residential,"Dillingham, AK, USA",,2070.0,AK,Name6012035,False,True,True,Severe
USA,Medium,Real Estate,Residential,"Dillingham, AK, USA",,2070.0,AK,Name6012036,True,False,False,Medium
USA,Medium,Real Estate,Residential,"Dillingham, AK, USA",,2070.0,AK,Name6012037,True,True,False,Medium
USA,Medium,Real Estate,Residential,"Dillingham, AK, USA",,2070.0,AK,Name6012039,False,True,True,Low
USA,Medium,Real Estate,Residential,"Dillingham, AK, USA",,2070.0,AK,Name6012040,True,False,False,Low
USA,Medium,Real Estate,Residential,"Dillingham, AK, USA",,2070.0,AK,Name6012041,False,True,False,Severe
USA,Medium,Real Estate,Commercial,"Dillingham, AK, USA",,2070.0,AK,Name6012042,False,True,False,Severe
USA,Medium,Real Estate,Commercial,"Dillingham, AK, USA",,2070.0,AK,Name6012043,False,True,True,Low
USA,Medium,Real Estate,Commercial,"Dillingham, AK, USA",,2070.0,AK,Name6012044,False,False,True,Severe
USA,Medium,Real Estate,Commercial,"Dillingham, AK, USA",,2070.0,AK,Name6012045,True,False,False,Low
USA,Medium,Real Estate,Commercial,"Dillingham, AK, USA",,2070.0,AK,Name6012046,False,True,True,Medium
USA,Medium,Real Estate,Commercial,"Dillingham, AK, USA",,2070.0,AK,Name6012047,True,True,False,Low
USA,Medium,Real Estate,Commercial,"Dillingham, AK, USA",,2070.0,AK,Name6012048,False,False,True,High
USA,Medium,Real Estate,Commercial,"Dillingham, AK, USA",,2070.0,AK,Name6012050,False,False,True,High
USA,Medium,Real Estate,Commercial,"Dillingham, AK, USA",,2070.0,AK,Name6012051,True,False,False,Medium
USA,Medium,Real Estate,Commercial,"Dillingham, AK, USA",,2070.0,AK,Name6012052,True,True,False,Severe
USA,Medium,Real Estate,Commercial,"Dillingham, AK, USA",,2070.0,AK,Name6012053,True,True,False,Severe
USA,Medium,Real Estate,Commercial,"Dillingham, AK, USA",,2070.0,AK,Name6012054,False,True,False,Severe
USA,Medium,Real Estate,Commercial,"Dillingham, AK, USA",,2070.0,AK,Name6012055,False,False,True,Medium
USA,Medium,Real Estate,Commercial,"Dillingham, AK, USA",,2070.0,AK,Name6012056,True,False,False,Severe
USA,Medium,Real Estate,Commercial,"Dillingham, AK, USA",,2070.0,AK,Name6012057,False,True,False,Medium
USA,Medium,Real Estate,Commercial,"Dillingham, AK, USA",,2070.0,AK,Name6012058,True,True,False,Severe
USA,Medium,Real Estate,Commercial,"Dillingham, AK, USA",,2070.0,AK,Name6012059,True,False,False,Medium
USA,Medium,Real Estate,Commercial,"Dillingham, AK, USA",,2070.0,AK,Name6012060,True,False,False,High
USA,Medium,Real Estate,Commercial,"Dillingham, AK, USA",,2070.0,AK,Name6012062,True,False,False,High
USA,Medium,Real Estate,Commercial,"Dillingham, AK, USA",,2070.0,AK,Name6012063,False,True,False,High
USA,Medium,Real Estate,Industrial,"Dillingham, AK, USA",,2070.0,AK,Name6012064,False,False,True,Medium
USA,Medium,Real Estate,Industrial,"Dillingham, AK, USA",,2070.0,AK,Name6012065,True,True,False,Medium
USA,Medium,Real Estate,Industrial,"Dillingham, AK, USA",,2070.0,AK,Name6012066,True,False,False,High
USA,Medium,Real Estate,Industrial,"Dillingham, AK, USA",,2070.0,AK,Name6012067,False,True,False,Low
USA,Medium,Real Estate,Industrial,"Dillingham, AK, USA",,2070.0,AK,Name6012068,True,False,False,Severe
USA,Medium,Real Estate,Industrial,"Dillingham, AK, USA",,2070.0,AK,Name6012070,False,True,True,High
USA,Medium,Real Estate,Industrial,"Dillingham, AK, USA",,2070.0,AK,Name6012071,True,True,False,Low
USA,Medium,Real Estate,Industrial,"Dillingham, AK, USA",,2070.0,AK,Name6012072,False,True,True,Medium
USA,Medium,Real Estate,Industrial,"Dillingham, AK, USA",,2070.0,AK,Name6012074,True,True,False,Severe
USA,Medium,Real Estate,Industrial,"Dillingham, AK, USA",,2070.0,AK,Name6012075,True,False,False,High
USA,Medium,Telecommunications,Mobile,"Dillingham, AK, USA",,2070.0,AK,Name6012076,True,True,False,High
USA,Medium,Telecommunications,Mobile,"Dillingham, AK, USA",,2070.0,AK,Name6012077,True,True,False,Medium
USA,Medium,Telecommunications,Mobile,"Dillingham, AK, USA",,2070.0,AK,Name6012078,False,False,True,Severe
USA,Medium,Telecommunications,Mobile,"Dillingham, AK, USA",,2070.0,AK,Name6012080,True,True,False,Low
USA,Medium,Telecommunications,Mobile,"Dillingham, AK, USA",,2070.0,AK,Name6012082,True,True,False,Medium
USA,Medium,Telecommunications,Mobile,"Dillingham, AK, USA",,2070.0,AK,Name6012083,False,False,True,High
USA,Medium,Telecommunications,Mobile,"Dillingham, AK, USA",,2070.0,AK,Name6012084,True,False,False,Low
USA,Medium,Telecommunications,Mobile,"Dillingham, AK, USA",,2070.0,AK,Name6012085,True,False,False,Severe
USA,Medium,Telecommunications,Mobile,"Dillingham, AK, USA",,2070.0,AK,Name6012086,True,False,False,High
USA,Medium,Telecommunications,Mobile,"Dillingham, AK, USA",,2070.0,AK,Name6012087,False,True,True,Low
USA,Medium,Telecommunications,Mobile,"Dillingham, AK, USA",,2070.0,AK,Name6012088,True,False,False,Medium
USA,Medium,Telecommunications,Mobile,"Dillingham, AK, USA",,2070.0,AK,Name6012089,False,True,False,Low
USA,Medium,Telecommunications,Mobile,"Dillingham, AK, USA",,2070.0,AK,Name6012090,True,True,False,Low
USA,Medium,Telecommunications,Mobile,"Dillingham, AK, USA",,2070.0,AK,Name6012091,True,False,False,High
USA,Medium,Telecommunications,Mobile,"Dillingham, AK, USA",,2070.0,AK,Name6012092,True,True,False,Severe
USA,Medium,Telecommunications,Mobile,"Dillingham, AK, USA",,2070.0,AK,Name6012093,True,True,False,High
USA,Medium,Telecommunications,Mobile,"Dillingham, AK, USA",,2070.0,AK,Name6012094,True,True,False,Severe
USA,Medium,Telecommunications,Mobile,"Dillingham, AK, USA",,2070.0,AK,Name6012095,True,True,False,Low
USA,Medium,Telecommunications,Mobile,"Dillingham, AK, USA",,2070.0,AK,Name6012096,False,False,True,Low
USA,Medium,Telecommunications,Mobile,"Dillingham, AK, USA",,2070.0,AK,Name6012097,True,False,False,Severe
USA,Medium,Telecommunications,Mobile,"Dillingham, AK, USA",,2070.0,AK,Name6012098,False,True,False,Low
USA,Medium,Telecommunications,Mobile,"Dillingham, AK, USA",,2070.0,AK,Name6012099,True,False,False,Severe
USA,Medium,Telecommunications,Mobile,"Dillingham, AK, USA",,2070.0,AK,Name6012100,True,False,False,High
USA,Medium,Telecommunications,Mobile,"Dillingham, AK, USA",,2070.0,AK,Name6012104,True,True,False,Medium
USA,Medium,Telecommunications,Mobile,"Dillingham, AK, USA",,2070.0,AK,Name6012105,False,True,True,Medium
USA,Medium,Telecommunications,Broadband,"Dillingham, AK, USA",,2070.0,AK,Name6012107,True,True,False,High
USA,Medium,Telecommunications,Broadband,"Dillingham, AK, USA",,2070.0,AK,Name6012109,True,True,False,Low
USA,Medium,Telecommunications,Broadband,"Dillingham, AK, USA",,2070.0,AK,Name6012110,False,True,True,Low
USA,Medium,Telecommunications,Broadband,"Dillingham, AK, USA",,2070.0,AK,Name6012111,True,True,False,Severe
USA,Medium,Telecommunications,Broadband,"Dillingham, AK, USA",,2070.0,AK,Name6012112,True,False,False,Severe
USA,Medium,Telecommunications,Broadband,"Dillingham, AK, USA",,2070.0,AK,Name6012113,True,False,False,High
USA,Medium,Telecommunications,Broadband,"Dillingham, AK, USA",,2070.0,AK,Name6012114,True,True,False,High
USA,Medium,Telecommunications,Broadband,"Dillingham, AK, USA",,2070.0,AK,Name6012116,True,False,False,Medium
USA,Medium,Telecommunications,Broadband,"Dillingham, AK, USA",,2070.0,AK,Name6012118,False,False,True,High
USA,Medium,Telecommunications,Broadband,"Dillingham, AK, USA",,2070.0,AK,Name6012119,True,True,False,Low
USA,Medium,Telecommunications,Broadband,"Dillingham, AK, USA",,2070.0,AK,Name6012120,True,False,False,High
USA,Medium,Telecommunications,Broadband,"Dillingham, AK, USA",,2070.0,AK,Name6012121,False,True,False,Medium
USA,Medium,Telecommunications,Broadband,"Dillingham, AK, USA",,2070.0,AK,Name6012123,True,True,False,Severe
USA,Medium,Telecommunications,Broadband,"Dillingham, AK, USA",,2070.0,AK,Name6012124,False,True,False,High
USA,Medium,Telecommunications,Broadband,"Dillingham, AK, USA",,2070.0,AK,Name6012125,False,True,True,Low
USA,Medium,Telecommunications,Broadband,"Dillingham, AK, USA",,2070.0,AK,Name6012126,True,False,False,High
USA,Medium,Telecommunications,Broadband,"Dillingham, AK, USA",,2070.0,AK,Name6012127,True,True,False,Medium
USA,Medium,Telecommunications,Broadband,"Dillingham, AK, USA",,2070.0,AK,Name6012128,False,False,True,High
USA,Medium,Telecommunications,Broadband,"Dillingham, AK, USA",,2070.0,AK,Name6012129,False,True,True,Severe
USA,Medium,Telecommunications,Broadband,"Dillingham, AK, USA",,2070.0,AK,Name6012130,False,False,True,Medium
USA,Medium,Telecommunications,Satellite,"Dillingham, AK, USA",,2070.0,AK,Name6012131,False,True,True,Low
USA,Medium,Telecommunications,Satellite,"Dillingham, AK, USA",,2070.0,AK,Name6012132,False,False,True,High
USA,Medium,Telecommunications,Satellite,"Dillingham, AK, USA",,2070.0,AK,Name6012133,False,False,True,Severe
USA,Medium,Telecommunications,Satellite,"Dillingham, AK, USA",,2070.0,AK,Name6012134,False,False,True,Low
USA,Medium,Telecommunications,Satellite,"Dillingham, AK, USA",,2070.0,AK,Name6012135,True,False,False,Medium
USA,Medium,Telecommunications,Satellite,"Dillingham, AK, USA",,2070.0,AK,Name6012136,False,False,True,High
USA,Medium,Telecommunications,Satellite,"Dillingham, AK, USA",,2070.0,AK,Name6012137,False,True,False,Low
USA,Medium,Telecommunications,Satellite,"Dillingham, AK, USA",,2070.0,AK,Name6012138,True,True,False,Medium
USA,Medium,Materials,Chemicals,"Dillingham, AK, USA",,2070.0,AK,Name6012139,False,False,True,Medium
USA,Medium,Materials,Chemicals,"Dillingham, AK, USA",,2070.0,AK,Name6012140,True,True,False,High
USA,Medium,Materials,Chemicals,"Dillingham, AK, USA",,2070.0,AK,Name6012141,False,True,True,Severe
USA,Medium,Materials,Chemicals,"Dillingham, AK, USA",,2070.0,AK,Name6012143,True,True,False,Low
USA,Medium,Materials,Chemicals,"Dillingham, AK, USA",,2070.0,AK,Name6012144,False,True,True,High
USA,Medium,Materials,Chemicals,"Dillingham, AK, USA",,2070.0,AK,Name6012145,True,True,False,Medium
USA,Medium,Materials,Chemicals,"Dillingham, AK, USA",,2070.0,AK,Name6012146,True,True,False,Medium
USA,Medium,Materials,Chemicals,"Dillingham, AK, USA",,2070.0,AK,Name6012148,True,False,False,Severe
USA,Medium,Materials,Chemicals,"Dillingham, AK, USA",,2070.0,AK,Name6012149,False,True,True,Severe
USA,Medium,Materials,Chemicals,"Dillingham, AK, USA",,2070.0,AK,Name6012150,False,True,True,High
USA,Medium,Materials,Chemicals,"Dillingham, AK, USA",,2070.0,AK,Name6012151,True,True,False,Medium
USA,Medium,Materials,Chemicals,"Dillingham, AK, USA",,2070.0,AK,Name6012152,True,True,False,Severe
USA,Medium,Materials,Chemicals,"Dillingham, AK, USA",,2070.0,AK,Name6012153,False,False,True,Medium
USA,Medium,Materials,Chemicals,"Dillingham, AK, USA",,2070.0,AK,Name6012154,True,False,False,Severe
USA,Medium,Materials,Chemicals,"Dillingham, AK, USA",,2070.0,AK,Name6012155,False,True,False,Low
USA,Medium,Materials,Chemicals,"Dillingham, AK, USA",,2070.0,AK,Name6012156,False,True,True,Medium
USA,Medium,Materials,Chemicals,"Dillingham, AK, USA",,2070.0,AK,Name6012157,False,False,True,Low
USA,Medium,Materials,Chemicals,"Dillingham, AK, USA",,2070.0,AK,Name6012159,True,True,False,High
USA,Medium,Materials,Metals & Mining,"Dillingham, AK, USA",,2070.0,AK,Name6012162,False,False,True,Medium
USA,Medium,Materials,Metals & Mining,"Dillingham, AK, USA",,2070.0,AK,Name6012163,True,True,False,Low
USA,Medium,Materials,Metals & Mining,"Dillingham, AK, USA",,2070.0,AK,Name6012164,False,False,True,Low
USA,Medium,Materials,Metals & Mining,"Dillingham, AK, USA",,2070.0,AK,Name6012165,False,True,True,Severe
USA,Medium,Materials,Metals & Mining,"Dillingham, AK, USA",,2070.0,AK,Name6012167,True,True,False,Severe
USA,Medium,Materials,Metals & Mining,"Dillingham, AK, USA",,2070.0,AK,Name6012168,False,True,True,Low
USA,Medium,Materials,Metals & Mining,"Dillingham, AK, USA",,2070.0,AK,Name6012169,True,False,False,High
USA,Medium,Materials,Metals & Mining,"Dillingham, AK, USA",,2070.0,AK,Name6012170,True,True,False,Medium
USA,Medium,Materials,Metals & Mining,"Dillingham, AK, USA",,2070.0,AK,Name6012171,True,True,False,Low
USA,Medium,Materials,Metals & Mining,"Dillingham, AK, USA",,2070.0,AK,Name6012172,True,True,False,Low
USA,Medium,Materials,Metals & Mining,"Dillingham, AK, USA",,2070.0,AK,Name6012173,True,False,False,Low
USA,Medium,Materials,Metals & Mining,"Dillingham, AK, USA",,2070.0,AK,Name6012174,True,False,False,Low
USA,Medium,Materials,Metals & Mining,"Dillingham, AK, USA",,2070.0,AK,Name6012175,False,True,False,Medium
USA,Medium,Materials,Metals & Mining,"Dillingham, AK, USA",,2070.0,AK,Name6012177,False,True,True,Low
USA,Medium,Materials,Metals & Mining,"Dillingham, AK, USA",,2070.0,AK,Name6012178,False,False,True,Medium
USA,Medium,Materials,Metals & Mining,"Dillingham, AK, USA",,2070.0,AK,Name6012179,False,True,True,High
USA,Medium,Materials,Construction Materials,"Dillingham, AK, USA",,2070.0,AK,Name6012180,False,True,False,Severe
USA,Medium,Materials,Construction Materials,"Dillingham, AK, USA",,2070.0,AK,Name6012181,False,True,False,Severe
USA,Medium,Materials,Construction Materials,"Dillingham, AK, USA",,2070.0,AK,Name6012183,False,True,True,Medium
USA,Medium,Materials,Construction Materials,"Dillingham, AK, USA",,2070.0,AK,Name6012185,False,True,True,Low
USA,Medium,Materials,Construction Materials,"Dillingham, AK, USA",,2070.0,AK,Name6012186,False,False,True,Severe
USA,Medium,Materials,Construction Materials,"Dillingham, AK, USA",,2070.0,AK,Name6012187,True,False,False,Medium
USA,Medium,Materials,Construction Materials,"Dillingham, AK, USA",,2070.0,AK,Name6012189,False,True,True,Medium
USA,Medium,Materials,Construction Materials,"Dillingham, AK, USA",,2070.0,AK,Name6012190,True,True,False,Low
USA,Medium,Materials,Construction Materials,"Dillingham, AK, USA",,2070.0,AK,Name6012191,True,True,False,Medium
USA,Medium,Materials,Construction Materials,"Dillingham, AK, USA",,2070.0,AK,Name6012192,True,False,False,Medium
USA,Medium,Materials,Construction Materials,"Dillingham, AK, USA",,2070.0,AK,Name6012193,False,False,True,Medium
USA,Medium,Materials,Construction Materials,"Dillingham, AK, USA",,2070.0,AK,Name6012194,False,True,False,High
USA,Medium,Materials,Construction Materials,"Dillingham, AK, USA",,2070.0,AK,Name6012196,False,True,False,Medium
USA,Medium,Materials,Construction Materials,"Dillingham, AK, USA",,2070.0,AK,Name6012198,True,True,False,Medium
USA,Medium,Materials,Construction Materials,"Dillingham, AK, USA",,2070.0,AK,Name6012200,True,False,False,Severe
USA,Medium,Materials,Construction Materials,"Dillingham, AK, USA",,2070.0,AK,Name6012203,True,True,False,Medium
USA,Medium,Materials,Construction Materials,"Dillingham, AK, USA",,2070.0,AK,Name6012204,False,True,False,Medium
USA,Medium,Materials,Construction Materials,"Dillingham, AK, USA",,2070.0,AK,Name6012205,False,False,True,Severe
USA,Medium,Materials,Construction Materials,"Dillingham, AK, USA",,2070.0,AK,Name6012206,True,False,False,Low
USA,Medium,Materials,Construction Materials,"Dillingham, AK, USA",,2070.0,AK,Name6012208,False,False,True,Severe
USA,Medium,Materials,Construction Materials,"Dillingham, AK, USA",,2070.0,AK,Name6012209,False,False,True,High
USA,Medium,Materials,Construction Materials,"Dillingham, AK, USA",,2070.0,AK,Name6012210,False,False,True,Medium
USA,Medium,Materials,Construction Materials,"Dillingham, AK, USA",,2070.0,AK,Name6012211,True,True,False,Low
USA,Medium,Materials,Construction Materials,"Dillingham, AK, USA",,2070.0,AK,Name6012212,True,False,False,High
USA,Medium,Materials,Construction Materials,"Dillingham, AK, USA",,2070.0,AK,Name6012214,True,False,False,Severe
USA,Medium,Materials,Construction Materials,"Dillingham, AK, USA",,2070.0,AK,Name6012215,False,True,True,Low
USA,Medium,Materials,Construction Materials,"Dillingham, AK, USA",,2070.0,AK,Name6012216,False,False,True,Low
USA,Medium,Materials,Construction Materials,"Dillingham, AK, USA",,2070.0,AK,Name6012217,True,True,False,Low
USA,Medium,Materials,Construction Materials,"Dillingham, AK, USA",,2070.0,AK,Name6012218,False,False,True,Low
USA,Medium,Materials,Construction Materials,"Dillingham, AK, USA",,2070.0,AK,Name6012220,False,True,True,High
USA,Medium,Materials,Construction Materials,"Dillingham, AK, USA",,2070.0,AK,Name6012221,False,True,True,High
USA,Medium,Materials,Construction Materials,"Dillingham, AK, USA",,2070.0,AK,Name6012222,True,False,False,Severe
USA,Medium,Materials,Construction Materials,"Dillingham, AK, USA",,2070.0,AK,Name6012223,False,True,False,Severe
USA,Medium,Materials,Construction Materials,"Dillingham, AK, USA",,2070.0,AK,Name6012224,True,False,False,Medium
USA,Medium,Materials,Construction Materials,"Dillingham, AK, USA",,2070.0,AK,Name6012225,True,False,False,Medium
USA,Medium,Materials,Construction Materials,"Dillingham, AK, USA",,2070.0,AK,Name6012226,False,True,False,Medium
USA,Medium,Industrials,Aerospace & Defense,"Dillingham, AK, USA",,2070.0,AK,Name6012228,False,True,True,High
USA,Medium,Industrials,Aerospace & Defense,"Dillingham, AK, USA",,2070.0,AK,Name6012229,True,False,False,Low
USA,Medium,Industrials,Aerospace & Defense,"Dillingham, AK, USA",,2070.0,AK,Name6012232,False,True,True,Medium
USA,Medium,Industrials,Aerospace & Defense,"Dillingham, AK, USA",,2070.0,AK,Name6012233,False,True,False,Severe
USA,Medium,Industrials,Aerospace & Defense,"Dillingham, AK, USA",,2070.0,AK,Name6012234,True,True,False,Low
USA,Medium,Industrials,Aerospace & Defense,"Dillingham, AK, USA",,2070.0,AK,Name6012235,False,True,False,Low
USA,Medium,Industrials,Aerospace & Defense,"Dillingham, AK, USA",,2070.0,AK,Name6012236,False,False,True,Low
USA,Medium,Industrials,Aerospace & Defense,"Dillingham, AK, USA",,2070.0,AK,Name6012237,True,False,False,Low
USA,Medium,Industrials,Aerospace & Defense,"Dillingham, AK, USA",,2070.0,AK,Name6012238,False,True,True,Medium
USA,Medium,Industrials,Aerospace & Defense,"Dillingham, AK, USA",,2070.0,AK,Name6012239,False,True,True,Severe
USA,Medium,Industrials,Aerospace & Defense,"Dillingham, AK, USA",,2070.0,AK,Name6012240,True,False,False,Medium
USA,Medium,Industrials,Aerospace & Defense,"Dillingham, AK, USA",,2070.0,AK,Name6012241,True,True,False,Medium
USA,Medium,Industrials,Aerospace & Defense,"Dillingham, AK, USA",,2070.0,AK,Name6012245,True,False,False,Severe
USA,Medium,Industrials,Aerospace & Defense,"Dillingham, AK, USA",,2070.0,AK,Name6012246,False,False,True,Medium
USA,Medium,Industrials,Aerospace & Defense,"Dillingham, AK, USA",,2070.0,AK,Name6012247,True,False,False,High
USA,Medium,Industrials,Aerospace & Defense,"Dillingham, AK, USA",,2070.0,AK,Name6012248,False,True,False,Low
USA,Medium,Industrials,Aerospace & Defense,"Dillingham, AK, USA",,2070.0,AK,Name6012250,True,False,False,High
USA,Medium,Industrials,Aerospace & Defense,"Dillingham, AK, USA",,2070.0,AK,Name6012251,True,False,False,Medium
USA,Medium,Industrials,Aerospace & Defense,"Dillingham, AK, USA",,2070.0,AK,Name6012252,True,True,False,Severe
USA,Medium,Industrials,Machinery,"Dillingham, AK, USA",,2070.0,AK,Name6012253,True,True,False,Low
USA,Medium,Industrials,Machinery,"Dillingham, AK, USA",,2070.0,AK,Name6012254,True,True,False,High
USA,Medium,Industrials,Machinery,"Dillingham, AK, USA",,2070.0,AK,Name6012255,True,False,False,High
USA,Medium,Industrials,Machinery,"Dillingham, AK, USA",,2070.0,AK,Name6012256,False,True,False,Medium
USA,Medium,Industrials,Machinery,"Dillingham, AK, USA",,2070.0,AK,Name6012257,True,False,False,Low
USA,Medium,Industrials,Machinery,"Dillingham, AK, USA",,2070.0,AK,Name6012258,True,False,False,Medium
USA,Medium,Industrials,Machinery,"Dillingham, AK, USA",,2070.0,AK,Name6012259,True,False,False,High
USA,Medium,Industrials,Machinery,"Dillingham, AK, USA",,2070.0,AK,Name6012260,True,True,False,Low
USA,Medium,Industrials,Machinery,"Dillingham, AK, USA",,2070.0,AK,Name6012261,True,True,False,Severe
USA,Medium,Industrials,Machinery,"Dillingham, AK, USA",,2070.0,AK,Name6012262,True,False,False,Severe
USA,Medium,Industrials,Machinery,"Dillingham, AK, USA",,2070.0,AK,Name6012263,False,False,True,Low
USA,Medium,Industrials,Machinery,"Dillingham, AK, USA",,2070.0,AK,Name6012264,False,True,False,Low
USA,Medium,Industrials,Machinery,"Dillingham, AK, USA",,2070.0,AK,Name6012265,False,True,True,Low
USA,Medium,Industrials,Machinery,"Dillingham, AK, USA",,2070.0,AK,Name6012266,True,True,False,Medium
USA,Medium,Industrials,Machinery,"Dillingham, AK, USA",,2070.0,AK,Name6012267,False,False,True,Severe
USA,Medium,Industrials,Machinery,"Dillingham, AK, USA",,2070.0,AK,Name6012268,False,False,True,Medium
USA,Medium,Industrials,Machinery,"Dillingham, AK, USA",,2070.0,AK,Name6012269,True,False,False,Low
USA,Medium,Industrials,Machinery,"Dillingham, AK, USA",,2070.0,AK,Name6012270,True,False,False,Medium
USA,Medium,Industrials,Machinery,"Dillingham, AK, USA",,2070.0,AK,Name6012271,True,False,False,Severe
USA,Medium,Industrials,Machinery,"Dillingham, AK, USA",,2070.0,AK,Name6012272,False,True,False,Severe
USA,Medium,Industrials,Industrial Services,"Dillingham, AK, USA",,2070.0,AK,Name6012273,False,True,True,Severe
USA,Medium,Industrials,Industrial Services,"Dillingham, AK, USA",,2070.0,AK,Name6012274,True,False,False,Medium
USA,Medium,Industrials,Industrial Services,"Dillingham, AK, USA",,2070.0,AK,Name6012275,True,False,False,Severe
USA,Medium,Industrials,Industrial Services,"Dillingham, AK, USA",,2070.0,AK,Name6012276,False,True,False,Low
USA,Medium,Industrials,Industrial Services,"Dillingham, AK, USA",,2070.0,AK,Name6012277,False,True,False,Severe
USA,Medium,Industrials,Industrial Services,"Dillingham, AK, USA",,2070.0,AK,Name6012278,False,False,True,Medium
USA,Medium,Industrials,Industrial Services,"Dillingham, AK, USA",,2070.0,AK,Name6012279,False,False,True,Severe
USA,Medium,Industrials,Industrial Services,"Dillingham, AK, USA",,2070.0,AK,Name6012280,False,True,True,High
USA,Medium,Industrials,Industrial Services,"Dillingham, AK, USA",,2070.0,AK,Name6012281,False,True,True,High
USA,Medium,Industrials,Industrial Services,"Dillingham, AK, USA",,2070.0,AK,Name6012282,False,True,True,High
USA,Medium,Industrials,Industrial Services,"Dillingham, AK, USA",,2070.0,AK,Name6012283,True,True,False,High
USA,Medium,Industrials,Industrial Services,"Dillingham, AK, USA",,2070.0,AK,Name6012284,False,True,False,Low
USA,Medium,Industrials,Industrial Services,"Dillingham, AK, USA",,2070.0,AK,Name6012285,True,False,False,Severe
USA,Medium,Industrials,Industrial Services,"Dillingham, AK, USA",,2070.0,AK,Name6012286,False,True,True,Low
USA,Medium,Industrials,Industrial Services,"Dillingham, AK, USA",,2070.0,AK,Name6012287,True,True,False,High
USA,Medium,Industrials,Industrial Services,"Dillingham, AK, USA",,2070.0,AK,Name6012288,False,True,False,Low
USA,Medium,Industrials,Industrial Services,"Dillingham, AK, USA",,2070.0,AK,Name6012289,True,False,False,Low
USA,Medium,Industrials,Industrial Services,"Dillingham, AK, USA",,2070.0,AK,Name6012291,True,False,False,High
USA,Medium,Industrials,Industrial Services,"Dillingham, AK, USA",,2070.0,AK,Name6012292,False,False,True,Low
USA,Medium,Industrials,Industrial Services,"Dillingham, AK, USA",,2070.0,AK,Name6012294,True,False,False,High
USA,Medium,Industrials,Industrial Services,"Dillingham, AK, USA",,2070.0,AK,Name6012295,True,False,False,High
USA,Medium,Industrials,Industrial Services,"Dillingham, AK, USA",,2070.0,AK,Name6012296,True,True,False,Severe
USA,Medium,Industrials,Industrial Services,"Dillingham, AK, USA",,2070.0,AK,Name6012297,False,False,True,Medium
USA,Medium,Consumer Services,Retail,"Dillingham, AK, USA",,2070.0,AK,Name6012299,False,True,True,Medium
USA,Medium,Consumer Services,Retail,"Dillingham, AK, USA",,2070.0,AK,Name6012300,False,True,True,High
USA,Medium,Consumer Services,Retail,"Dillingham, AK, USA",,2070.0,AK,Name6012301,False,True,True,Medium
USA,Medium,Consumer Services,Retail,"Dillingham, AK, USA",,2070.0,AK,Name6012302,True,False,False,Medium
USA,Medium,Consumer Services,Retail,"Dillingham, AK, USA",,2070.0,AK,Name6012303,True,False,False,Medium
USA,Medium,Consumer Services,Retail,"Dillingham, AK, USA",,2070.0,AK,Name6012304,False,True,True,Severe
USA,Medium,Consumer Services,Retail,"Dillingham, AK, USA",,2070.0,AK,Name6012305,True,False,False,Low
USA,Medium,Consumer Services,Retail,"Dillingham, AK, USA",,2070.0,AK,Name6012307,True,False,False,Severe
USA,Medium,Consumer Services,Retail,"Dillingham, AK, USA",,2070.0,AK,Name6012308,False,True,False,Severe
USA,Medium,Consumer Services,Retail,"Dillingham, AK, USA",,2070.0,AK,Name6012310,True,True,False,Severe
USA,Medium,Consumer Services,Retail,"Dillingham, AK, USA",,2070.0,AK,Name6012311,False,False,True,Low
USA,Medium,Consumer Services,Retail,"Dillingham, AK, USA",,2070.0,AK,Name6012312,True,True,False,High
USA,Medium,Consumer Services,Retail,"Dillingham, AK, USA",,2070.0,AK,Name6012313,False,False,True,High
USA,Medium,Consumer Services,Retail,"Dillingham, AK, USA",,2070.0,AK,Name6012315,False,True,False,Low
USA,Medium,Consumer Services,Travel & Leisure,"Dillingham, AK, USA",,2070.0,AK,Name6012316,True,False,False,Medium
USA,Medium,Consumer Services,Travel & Leisure,"Dillingham, AK, USA",,2070.0,AK,Name6012317,False,True,True,High
USA,Medium,Consumer Services,Travel & Leisure,"Dillingham, AK, USA",,2070.0,AK,Name6012318,False,True,False,Severe
USA,Medium,Consumer Services,Travel & Leisure,"Dillingham, AK, USA",,2070.0,AK,Name6012319,True,True,False,High
USA,Medium,Consumer Services,Travel & Leisure,"Dillingham, AK, USA",,2070.0,AK,Name6012320,True,False,False,High
USA,Medium,Consumer Services,Travel & Leisure,"Dillingham, AK, USA",,2070.0,AK,Name6012321,True,False,False,High
USA,Medium,Consumer Services,Travel & Leisure,"Dillingham, AK, USA",,2070.0,AK,Name6012322,True,False,False,Severe
USA,Medium,Consumer Services,Travel & Leisure,"Dillingham, AK, USA",,2070.0,AK,Name6012323,False,True,False,Low
USA,Medium,Consumer Services,Travel & Leisure,"Dillingham, AK, USA",,2070.0,AK,Name6012324,True,True,False,Low
USA,Medium,Consumer Services,Travel & Leisure,"Dillingham, AK, USA",,2070.0,AK,Name6012325,True,False,False,Medium
USA,Medium,Consumer Services,Travel & Leisure,"Dillingham, AK, USA",,2070.0,AK,Name6012326,False,False,True,High
USA,Medium,Consumer Services,Travel & Leisure,"Dillingham, AK, USA",,2070.0,AK,Name6012328,True,False,False,Medium
USA,Medium,Consumer Services,Travel & Leisure,"Dillingham, AK, USA",,2070.0,AK,Name6012329,False,False,True,Low
USA,Medium,Consumer Services,Travel & Leisure,"Dillingham, AK, USA",,2070.0,AK,Name6012330,True,True,False,Medium
USA,Medium,Consumer Services,Travel & Leisure,"Dillingham, AK, USA",,2070.0,AK,Name6012331,True,True,False,Medium
USA,Medium,Consumer Services,Travel & Leisure,"Dillingham, AK, USA",,2070.0,AK,Name6012332,True,False,False,Low
USA,Medium,Consumer Services,Travel & Leisure,"Dillingham, AK, USA",,2070.0,AK,Name6012333,False,True,False,Low
USA,Medium,Consumer Services,Travel & Leisure,"Dillingham, AK, USA",,2070.0,AK,Name6012334,True,True,False,Severe
USA,Medium,Consumer Services,Travel & Leisure,"Dillingham, AK, USA",,2070.0,AK,Name6012335,False,False,True,High
USA,Medium,Consumer Services,Travel & Leisure,"Dillingham, AK, USA",,2070.0,AK,Name6012336,False,True,True,Severe
USA,Medium,Consumer Services,Travel & Leisure,"Dillingham, AK, USA",,2070.0,AK,Name6012337,False,False,True,High
USA,Medium,Consumer Services,Travel & Leisure,"Dillingham, AK, USA",,2070.0,AK,Name6012338,True,False,False,Severe
USA,Medium,Consumer Services,Travel & Leisure,"Dillingham, AK, USA",,2070.0,AK,Name6012339,False,True,True,Medium
USA,Medium,Consumer Services,Travel & Leisure,"Dillingham, AK, USA",,2070.0,AK,Name6012340,True,True,False,Low
USA,Medium,Consumer Services,Travel & Leisure,"Dillingham, AK, USA",,2070.0,AK,Name6012341,False,False,True,Low
USA,Medium,Consumer Services,Travel & Leisure,"Dillingham, AK, USA",,2070.0,AK,Name6012342,True,True,False,High
USA,Medium,Consumer Services,Travel & Leisure,"Dillingham, AK, USA",,2070.0,AK,Name6012343,True,True,False,Medium
USA,Medium,Consumer Services,Travel & Leisure,"Dillingham, AK, USA",,2070.0,AK,Name6012345,True,False,False,Medium
USA,Medium,Consumer Services,Travel & Leisure,"Dillingham, AK, USA",,2070.0,AK,Name6012346,True,False,False,Low
USA,Medium,Consumer Services,Travel & Leisure,"Dillingham, AK, USA",,2070.0,AK,Name6012347,True,True,False,Low
USA,Medium,Consumer Services,Travel & Leisure,"Dillingham, AK, USA",,2070.0,AK,Name6012349,False,False,True,Low
USA,Medium,Consumer Services,Travel & Leisure,"Dillingham, AK, USA",,2070.0,AK,Name6012350,True,True,False,Low
USA,Medium,Consumer Services,Travel & Leisure,"Dillingham, AK, USA",,2070.0,AK,Name6012351,False,False,True,Severe
USA,Medium,Consumer Services,Travel & Leisure,"Dillingham, AK, USA",,2070.0,AK,Name6012352,True,False,False,Low
USA,Medium,Consumer Services,Travel & Leisure,"Dillingham, AK, USA",,2070.0,AK,Name6012353,False,True,True,Medium
USA,Medium,Consumer Services,Travel & Leisure,"Dillingham, AK, USA",,2070.0,AK,Name6012354,False,False,True,Low
USA,Medium,Consumer Services,Travel & Leisure,"Dillingham, AK, USA",,2070.0,AK,Name6012355,True,False,False,Severe
USA,Medium,Consumer Services,Travel & Leisure,"Dillingham, AK, USA",,2070.0,AK,Name6012356,False,True,False,High
USA,Medium,Consumer Services,Travel & Leisure,"Dillingham, AK, USA",,2070.0,AK,Name6012357,True,True,False,High
USA,Medium,Consumer Services,Travel & Leisure,"Dillingham, AK, USA",,2070.0,AK,Name6012358,False,False,True,Severe
USA,Medium,Consumer Services,Travel & Leisure,"Dillingham, AK, USA",,2070.0,AK,Name6012359,True,True,False,High
USA,Medium,Consumer Services,Travel & Leisure,"Dillingham, AK, USA",,2070.0,AK,Name6012361,True,True,False,Severe
USA,Medium,Consumer Services,Media,"Dillingham, AK, USA",,2070.0,AK,Name6012362,True,False,False,Low
USA,Medium,Consumer Services,Media,"Dillingham, AK, USA",,2070.0,AK,Name6012363,False,True,False,Low
USA,Medium,Consumer Services,Media,"Dillingham, AK, USA",,2070.0,AK,Name6012364,False,False,True,Low
USA,Medium,Consumer Services,Media,"Dillingham, AK, USA",,2070.0,AK,Name6012365,True,True,False,High
USA,Medium,Consumer Services,Media,"Dillingham, AK, USA",,2070.0,AK,Name6012366,False,False,True,High
USA,Medium,Consumer Services,Media,"Dillingham, AK, USA",,2070.0,AK,Name6012367,True,False,False,High
USA,Medium,Consumer Services,Media,"Dillingham, AK, USA",,2070.0,AK,Name6012368,False,False,True,Severe
USA,Medium,Consumer Services,Media,"Dillingham, AK, USA",,2070.0,AK,Name6012369,True,False,False,Low
USA,Medium,Consumer Services,Media,"Dillingham, AK, USA",,2070.0,AK,Name6012370,True,True,False,Severe
USA,Medium,Consumer Services,Media,"Dillingham, AK, USA",,2070.0,AK,Name6012371,True,False,False,Severe
USA,Medium,Consumer Services,Media,"Dillingham, AK, USA",,2070.0,AK,Name6012372,True,True,False,Medium
USA,Medium,Consumer Services,Media,"Dillingham, AK, USA",,2070.0,AK,Name6012373,False,False,True,Medium
USA,Medium,Consumer Services,Media,"Dillingham, AK, USA",,2070.0,AK,Name6012374,True,False,False,High
USA,Medium,Consumer Services,Media,"Dillingham, AK, USA",,2070.0,AK,Name6012375,True,True,False,Severe
USA,Medium,Consumer Services,Media,"Dillingham, AK, USA",,2070.0,AK,Name6012376,True,False,False,Medium
USA,Medium,Consumer Services,Media,"Dillingham, AK, USA",,2070.0,AK,Name6012377,True,False,False,Severe
USA,Medium,Consumer Services,Media,"Dillingham, AK, USA",,2070.0,AK,Name6012378,True,False,False,Severe
USA,Medium,Consumer Services,Media,"Dillingham, AK, USA",,2070.0,AK,Name6012379,False,True,True,Severe
USA,Medium,Consumer Services,Media,"Dillingham, AK, USA",,2070.0,AK,Name6012380,True,True,False,Low
USA,Medium,Consumer Services,Media,"Dillingham, AK, USA",,2070.0,AK,Name6012381,True,True,False,High
USA,Medium,Consumer Services,Media,"Dillingham, AK, USA",,2070.0,AK,Name6012382,True,False,False,High
USA,Medium,Consumer Services,Media,"Dillingham, AK, USA",,2070.0,AK,Name6012383,False,True,True,Low
USA,Medium,Consumer Services,Media,"Dillingham, AK, USA",,2070.0,AK,Name6012384,True,True,False,Low
USA,Medium,Consumer Services,Media,"Dillingham, AK, USA",,2070.0,AK,Name6012385,False,True,False,Medium
USA,Medium,Consumer Services,Media,"Dillingham, AK, USA",,2070.0,AK,Name6012386,True,True,False,High
USA,Medium,Consumer Services,Media,"Dillingham, AK, USA",,2070.0,AK,Name6012387,True,False,False,Medium
USA,Medium,Consumer Services,Media,"Dillingham, AK, USA",,2070.0,AK,Name6012388,True,False,False,Severe
USA,Medium,Consumer Services,Media,"Dillingham, AK, USA",,2070.0,AK,Name6012389,True,False,False,Medium
USA,Medium,Consumer Services,Media,"Dillingham, AK, USA",,2070.0,AK,Name6012390,True,False,False,Low
USA,Medium,Consumer Services,Media,"Dillingham, AK, USA",,2070.0,AK,Name6012391,True,True,False,Severe
USA,Medium,Consumer Services,Media,"Dillingham, AK, USA",,2070.0,AK,Name6012392,False,True,True,Low
USA,Medium,Consumer Services,Media,"Dillingham, AK, USA",,2070.0,AK,Name6012394,True,False,False,Severe
USA,Medium,Consumer Services,Media,"Dillingham, AK, USA",,2070.0,AK,Name6012395,False,False,True,Low
USA,Medium,Consumer Services,Media,"Dillingham, AK, USA",,2070.0,AK,Name6012396,False,True,True,Low
USA,Medium,Consumer Services,Media,"Dillingham, AK, USA",,2070.0,AK,Name6012397,True,False,False,Severe
USA,Medium,Consumer Services,Media,"Dillingham, AK, USA",,2070.0,AK,Name6012398,True,True,False,Low
USA,Medium,Consumer Services,Media,"Dillingham, AK, USA",,2070.0,AK,Name6012399,False,False,True,High
USA,Medium,Consumer Services,Media,"Dillingham, AK, USA",,2070.0,AK,Name6012401,True,True,False,High
USA,Medium,Consumer Services,Media,"Dillingham, AK, USA",,2070.0,AK,Name6012402,True,False,False,Medium
USA,Medium,Consumer Services,Media,"Dillingham, AK, USA",,2070.0,AK,Name6012403,False,True,False,Severe
USA,Medium,Transportation,Airlines,"Dillingham, AK, USA",,2070.0,AK,Name6012404,False,True,True,High
USA,Medium,Transportation,Airlines,"Dillingham, AK, USA",,2070.0,AK,Name6012405,True,False,False,Medium
USA,Medium,Transportation,Airlines,"Dillingham, AK, USA",,2070.0,AK,Name6012406,False,True,False,High
USA,Medium,Transportation,Airlines,"Dillingham, AK, USA",,2070.0,AK,Name6012407,True,True,False,High
USA,Medium,Transportation,Airlines,"Dillingham, AK, USA",,2070.0,AK,Name6012408,False,True,True,Severe
USA,Medium,Transportation,Airlines,"Dillingham, AK, USA",,2070.0,AK,Name6012411,True,True,False,Low
USA,Medium,Transportation,Airlines,"Dillingham, AK, USA",,2070.0,AK,Name6012412,True,True,False,Severe
USA,Medium,Transportation,Airlines,"Dillingham, AK, USA",,2070.0,AK,Name6012413,False,False,True,Medium
USA,Medium,Transportation,Airlines,"Dillingham, AK, USA",,2070.0,AK,Name6012414,False,True,False,High
USA,Medium,Transportation,Airlines,"Dillingham, AK, USA",,2070.0,AK,Name6012415,True,True,False,High
USA,Medium,Transportation,Airlines,"Dillingham, AK, USA",,2070.0,AK,Name6012416,True,True,False,Low
USA,Medium,Transportation,Airlines,"Dillingham, AK, USA",,2070.0,AK,Name6012417,True,True,False,Medium
USA,Medium,Transportation,Airlines,"Dillingham, AK, USA",,2070.0,AK,Name6012418,False,False,True,Low
USA,Medium,Transportation,Airlines,"Dillingham, AK, USA",,2070.0,AK,Name6012419,True,True,False,Low
USA,Medium,Transportation,Airlines,"Dillingham, AK, USA",,2070.0,AK,Name6012420,False,False,True,Medium
USA,Medium,Transportation,Airlines,"Dillingham, AK, USA",,2070.0,AK,Name6012421,True,False,False,Severe
USA,Medium,Transportation,Airlines,"Dillingham, AK, USA",,2070.0,AK,Name6012422,False,True,False,Medium
USA,Medium,Transportation,Airlines,"Dillingham, AK, USA",,2070.0,AK,Name6012423,False,True,False,Severe
USA,Medium,Transportation,Airlines,"Dillingham, AK, USA",,2070.0,AK,Name6012424,True,False,False,Medium
USA,Medium,Transportation,Airlines,"Dillingham, AK, USA",,2070.0,AK,Name6012425,False,True,True,Medium
USA,Medium,Transportation,Airlines,"Dillingham, AK, USA",,2070.0,AK,Name6012426,False,False,True,High
USA,Medium,Transportation,Airlines,"Dillingham, AK, USA",,2070.0,AK,Name6012428,False,True,True,Severe
USA,Medium,Transportation,Airlines,"Dillingham, AK, USA",,2070.0,AK,Name6012429,True,False,False,High
USA,Medium,Transportation,Airlines,"Dillingham, AK, USA",,2070.0,AK,Name6012430,True,False,False,High
USA,Medium,Transportation,Airlines,"Dillingham, AK, USA",,2070.0,AK,Name6012431,True,True,False,Severe
USA,Medium,Transportation,Airlines,"Dillingham, AK, USA",,2070.0,AK,Name6012432,False,False,True,High
USA,Medium,Transportation,Airlines,"Dillingham, AK, USA",,2070.0,AK,Name6012433,True,True,False,High
USA,Medium,Transportation,Airlines,"Dillingham, AK, USA",,2070.0,AK,Name6012434,False,True,False,Medium
USA,Medium,Transportation,Airlines,"Dillingham, AK, USA",,2070.0,AK,Name6012436,False,True,True,Low
USA,Medium,Transportation,Airlines,"Dillingham, AK, USA",,2070.0,AK,Name6012437,False,False,True,Low
USA,Medium,Transportation,Airlines,"Dillingham, AK, USA",,2070.0,AK,Name6012438,True,True,False,Severe
USA,Medium,Transportation,Airlines,"Dillingham, AK, USA",,2070.0,AK,Name6012439,False,True,False,Low
USA,Medium,Transportation,Airlines,"Dillingham, AK, USA",,2070.0,AK,Name6012440,True,False,False,Medium
USA,Medium,Transportation,Airlines,"Dillingham, AK, USA",,2070.0,AK,Name6012441,True,False,False,Low
USA,Medium,Transportation,Airlines,"Dillingham, AK, USA",,2070.0,AK,Name6012442,True,False,False,Severe
USA,Medium,Transportation,Airlines,"Dillingham, AK, USA",,2070.0,AK,Name6012443,True,True,False,Low
USA,Medium,Transportation,Airlines,"Dillingham, AK, USA",,2070.0,AK,Name6012444,True,True,False,Severe
USA,Medium,Transportation,Airlines,"Dillingham, AK, USA",,2070.0,AK,Name6012445,True,True,False,High
USA,Medium,Transportation,Airlines,"Dillingham, AK, USA",,2070.0,AK,Name6012446,True,True,False,Low
USA,Medium,Transportation,Airlines,"Dillingham, AK, USA",,2070.0,AK,Name6012447,True,True,False,Low
USA,Medium,Transportation,Airlines,"Dillingham, AK, USA",,2070.0,AK,Name6012448,False,True,True,Medium
USA,Medium,Transportation,Railroads,"Dillingham, AK, USA",,2070.0,AK,Name6012451,True,True,False,Low
USA,Medium,Transportation,Railroads,"Dillingham, AK, USA",,2070.0,AK,Name6012452,False,False,True,High
USA,Medium,Transportation,Railroads,"Dillingham, AK, USA",,2070.0,AK,Name6012454,True,True,False,Medium
USA,Medium,Transportation,Railroads,"Dillingham, AK, USA",,2070.0,AK,Name6012455,True,True,False,Medium
USA,Medium,Transportation,Railroads,"Dillingham, AK, USA",,2070.0,AK,Name6012456,False,False,True,Low
USA,Medium,Transportation,Railroads,"Dillingham, AK, USA",,2070.0,AK,Name6012457,True,False,False,High
USA,Medium,Transportation,Railroads,"Dillingham, AK, USA",,2070.0,AK,Name6012460,True,False,False,Medium
USA,Medium,Transportation,Logistics,"Dillingham, AK, USA",,2070.0,AK,Name6012462,True,False,False,Severe
USA,Medium,Transportation,Logistics,"Dillingham, AK, USA",,2070.0,AK,Name6012463,True,True,False,Low
USA,Medium,Transportation,Logistics,"Dillingham, AK, USA",,2070.0,AK,Name6012464,True,True,False,Severe
USA,Medium,Transportation,Logistics,"Dillingham, AK, USA",,2070.0,AK,Name6012465,True,False,False,High
USA,Medium,Transportation,Logistics,"Dillingham, AK, USA",,2070.0,AK,Name6012466,True,True,False,Low
USA,Medium,Transportation,Logistics,"Dillingham, AK, USA",,2070.0,AK,Name6012467,False,True,True,Low
USA,Medium,Transportation,Logistics,"Dillingham, AK, USA",,2070.0,AK,Name6012468,False,True,True,High
USA,Medium,Transportation,Logistics,"Dillingham, AK, USA",,2070.0,AK,Name6012469,True,False,False,Low
USA,Medium,Transportation,Logistics,"Dillingham, AK, USA",,2070.0,AK,Name6012470,True,False,False,Medium
USA,Medium,Transportation,Logistics,"Dillingham, AK, USA",,2070.0,AK,Name6012471,False,True,True,Severe
USA,Medium,Transportation,Logistics,"Dillingham, AK, USA",,2070.0,AK,Name6012472,True,False,False,High
USA,Medium,Transportation,Logistics,"Dillingham, AK, USA",,2070.0,AK,Name6012474,False,True,True,High
USA,Medium,Transportation,Logistics,"Dillingham, AK, USA",,2070.0,AK,Name6012475,True,False,False,Severe
USA,Medium,Transportation,Logistics,"Dillingham, AK, USA",,2070.0,AK,Name6012476,True,True,False,High
USA,Medium,Transportation,Logistics,"Dillingham, AK, USA",,2070.0,AK,Name6012477,True,False,False,Low
USA,Medium,Transportation,Logistics,"Dillingham, AK, USA",,2070.0,AK,Name6012478,True,False,False,Severe
USA,Medium,Transportation,Logistics,"Dillingham, AK, USA",,2070.0,AK,Name6012479,True,False,False,Severe
USA,Medium,Transportation,Logistics,"Dillingham, AK, USA",,2070.0,AK,Name6012480,True,False,False,Low
USA,Medium,Transportation,Logistics,"Dillingham, AK, USA",,2070.0,AK,Name6012481,True,False,False,Severe
USA,Medium,Transportation,Logistics,"Dillingham, AK, USA",,2070.0,AK,Name6012482,True,False,False,High
USA,Medium,Transportation,Logistics,"Dillingham, AK, USA",,2070.0,AK,Name6012483,True,False,False,Medium
USA,Small,Technology,Software,"Dillingham, AK, USA",,2070.0,AK,Name6012485,False,False,True,Medium
USA,Small,Technology,Software,"Dillingham, AK, USA",,2070.0,AK,Name6012486,True,True,False,Medium
USA,Small,Technology,Software,"Dillingham, AK, USA",,2070.0,AK,Name6012487,True,False,False,Severe
USA,Small,Technology,Software,"Dillingham, AK, USA",,2070.0,AK,Name6012488,False,True,False,Severe
USA,Small,Technology,Software,"Dillingham, AK, USA",,2070.0,AK,Name6012489,False,True,True,Low
USA,Small,Technology,Software,"Dillingham, AK, USA",,2070.0,AK,Name6012490,False,True,False,Severe
USA,Small,Technology,Software,"Dillingham, AK, USA",,2070.0,AK,Name6012491,True,False,False,Low
USA,Small,Technology,Software,"Dillingham, AK, USA",,2070.0,AK,Name6012492,True,True,False,Medium
USA,Small,Technology,Software,"Dillingham, AK, USA",,2070.0,AK,Name6012493,True,True,False,Severe
USA,Small,Technology,Software,"Dillingham, AK, USA",,2070.0,AK,Name6012494,True,True,False,High
USA,Small,Technology,Software,"Dillingham, AK, USA",,2070.0,AK,Name6012495,True,False,False,Severe
USA,Small,Technology,Software,"Dillingham, AK, USA",,2070.0,AK,Name6012496,True,False,False,Low
USA,Small,Technology,Software,"Dillingham, AK, USA",,2070.0,AK,Name6012497,True,True,False,Low
USA,Small,Technology,Software,"Dillingham, AK, USA",,2070.0,AK,Name6012498,False,True,False,High
USA,Small,Technology,Software,"Dillingham, AK, USA",,2070.0,AK,Name6012499,False,True,True,Severe
USA,Small,Technology,Software,"Dillingham, AK, USA",,2070.0,AK,Name6012500,True,False,False,Low
USA,Small,Technology,Software,"Dillingham, AK, USA",,2070.0,AK,Name6012501,True,False,False,High
USA,Small,Technology,Software,"Dillingham, AK, USA",,2070.0,AK,Name6012502,True,False,False,Medium
USA,Small,Technology,Software,"Dillingham, AK, USA",,2070.0,AK,Name6012503,True,False,False,Severe
USA,Small,Technology,Software,"Dillingham, AK, USA",,2070.0,AK,Name6012504,True,False,False,High
USA,Small,Technology,Software,"Dillingham, AK, USA",,2070.0,AK,Name6012505,True,True,False,Medium
USA,Small,Technology,Software,"Dillingham, AK, USA",,2070.0,AK,Name6012506,False,True,False,High
USA,Small,Technology,Software,"Dillingham, AK, USA",,2070.0,AK,Name6012507,True,True,False,Medium
USA,Small,Technology,Software,"Dillingham, AK, USA",,2070.0,AK,Name6012508,True,True,False,Severe
USA,Small,Technology,Software,"Dillingham, AK, USA",,2070.0,AK,Name6012509,True,False,False,Medium
USA,Small,Technology,Software,"Dillingham, AK, USA",,2070.0,AK,Name6012510,True,False,False,Low
USA,Small,Technology,Software,"Dillingham, AK, USA",,2070.0,AK,Name6012511,True,False,False,Severe
USA,Small,Technology,Software,"Dillingham, AK, USA",,2070.0,AK,Name6012512,False,True,True,Severe
USA,Small,Technology,Software,"Dillingham, AK, USA",,2070.0,AK,Name6012513,True,True,False,Low
USA,Small,Technology,Software,"Dillingham, AK, USA",,2070.0,AK,Name6012514,True,False,False,Low
USA,Small,Technology,Software,"Dillingham, AK, USA",,2070.0,AK,Name6012515,False,False,True,High
USA,Small,Technology,Software,"Dillingham, AK, USA",,2070.0,AK,Name6012516,True,False,False,Medium
USA,Small,Technology,Software,"Dillingham, AK, USA",,2070.0,AK,Name6012517,False,True,False,Medium
USA,Small,Technology,Software,"Dillingham, AK, USA",,2070.0,AK,Name6012518,False,False,True,Low
USA,Small,Technology,Software,"Dillingham, AK, USA",,2070.0,AK,Name6012519,False,True,False,Medium
USA,Small,Technology,Hardware,"Dillingham, AK, USA",,2070.0,AK,Name6012520,False,True,False,High
USA,Small,Technology,Hardware,"Dillingham, AK, USA",,2070.0,AK,Name6012521,True,False,False,Severe
USA,Small,Technology,Hardware,"Dillingham, AK, USA",,2070.0,AK,Name6012522,False,True,True,Low
USA,Small,Technology,Hardware,"Dillingham, AK, USA",,2070.0,AK,Name6012523,True,True,False,High
USA,Small,Technology,Hardware,"Dillingham, AK, USA",,2070.0,AK,Name6012525,True,True,False,Low
USA,Small,Technology,Hardware,"Dillingham, AK, USA",,2070.0,AK,Name6012526,False,False,True,Low
USA,Small,Technology,Hardware,"Dillingham, AK, USA",,2070.0,AK,Name6012527,False,True,False,Medium
USA,Small,Technology,Hardware,"Dillingham, AK, USA",,2070.0,AK,Name6012528,False,False,True,Low
USA,Small,Technology,Hardware,"Dillingham, AK, USA",,2070.0,AK,Name6012529,False,True,False,Severe
USA,Small,Technology,Hardware,"Dillingham, AK, USA",,2070.0,AK,Name6012530,True,False,False,Medium
USA,Small,Technology,Hardware,"Dillingham, AK, USA",,2070.0,AK,Name6012531,True,True,False,Severe
USA,Small,Technology,Hardware,"Dillingham, AK, USA",,2070.0,AK,Name6012532,True,True,False,Low
USA,Small,Technology,Hardware,"Dillingham, AK, USA",,2070.0,AK,Name6012534,False,True,False,Medium
USA,Small,Technology,Hardware,"Dillingham, AK, USA",,2070.0,AK,Name6012535,True,True,False,High
USA,Small,Technology,Hardware,"Dillingham, AK, USA",,2070.0,AK,Name6012536,True,False,False,Low
USA,Small,Technology,Hardware,"Dillingham, AK, USA",,2070.0,AK,Name6012538,False,False,True,Severe
USA,Small,Technology,Hardware,"Dillingham, AK, USA",,2070.0,AK,Name6012539,True,False,False,Severe
USA,Small,Technology,Hardware,"Dillingham, AK, USA",,2070.0,AK,Name6012540,False,False,True,Medium
USA,Small,Technology,Hardware,"Dillingham, AK, USA",,2070.0,AK,Name6012541,True,True,False,Severe
USA,Small,Technology,Hardware,"Dillingham, AK, USA",,2070.0,AK,Name6012542,False,True,False,High
USA,Small,Technology,Hardware,"Dillingham, AK, USA",,2070.0,AK,Name6012543,False,False,True,Severe
USA,Small,Technology,Hardware,"Dillingham, AK, USA",,2070.0,AK,Name6012544,False,False,True,Severe
USA,Small,Technology,Hardware,"Dillingham, AK, USA",,2070.0,AK,Name6012545,False,True,False,Medium
USA,Small,Technology,Hardware,"Dillingham, AK, USA",,2070.0,AK,Name6012546,True,False,False,Medium
USA,Small,Technology,Hardware,"Dillingham, AK, USA",,2070.0,AK,Name6012547,False,True,False,Low
USA,Small,Technology,Hardware,"Dillingham, AK, USA",,2070.0,AK,Name6012548,False,True,True,High
USA,Small,Technology,Hardware,"Dillingham, AK, USA",,2070.0,AK,Name6012549,True,False,False,Severe
USA,Small,Technology,Hardware,"Dillingham, AK, USA",,2070.0,AK,Name6012550,True,False,False,High
USA,Small,Technology,Hardware,"Dillingham, AK, USA",,2070.0,AK,Name6012551,False,False,True,High
USA,Small,Technology,Hardware,"Dillingham, AK, USA",,2070.0,AK,Name6012552,True,False,False,Low
USA,Small,Technology,Hardware,"Dillingham, AK, USA",,2070.0,AK,Name6012553,False,True,False,Medium
USA,Small,Technology,Hardware,"Dillingham, AK, USA",,2070.0,AK,Name6012554,False,True,True,Low
USA,Small,Technology,Hardware,"Dillingham, AK, USA",,2070.0,AK,Name6012555,True,True,False,Low
USA,Small,Technology,Hardware,"Dillingham, AK, USA",,2070.0,AK,Name6012556,False,True,False,Severe
USA,Small,Technology,Hardware,"Dillingham, AK, USA",,2070.0,AK,Name6012557,True,False,False,Low
USA,Small,Technology,Hardware,"Dillingham, AK, USA",,2070.0,AK,Name6012558,False,True,False,Severe
USA,Small,Technology,Hardware,"Dillingham, AK, USA",,2070.0,AK,Name6012559,False,True,False,Medium
USA,Small,Technology,Hardware,"Dillingham, AK, USA",,2070.0,AK,Name6012560,True,False,False,High
USA,Small,Technology,Hardware,"Dillingham, AK, USA",,2070.0,AK,Name6012561,True,False,False,Medium
USA,Small,Technology,Hardware,"Dillingham, AK, USA",,2070.0,AK,Name6012562,False,True,False,Medium
USA,Small,Technology,Hardware,"Dillingham, AK, USA",,2070.0,AK,Name6012563,True,True,False,Medium
USA,Small,Technology,Hardware,"Dillingham, AK, USA",,2070.0,AK,Name6012564,False,True,True,Low
USA,Small,Technology,Hardware,"Dillingham, AK, USA",,2070.0,AK,Name6012565,False,True,True,Severe
USA,Small,Technology,Hardware,"Dillingham, AK, USA",,2070.0,AK,Name6012566,True,False,False,Low
USA,Small,Technology,Hardware,"Dillingham, AK, USA",,2070.0,AK,Name6012568,True,False,False,Medium
USA,Small,Technology,IT Services,"Dillingham, AK, USA",,2070.0,AK,Name6012569,True,False,False,Severe
USA,Small,Technology,IT Services,"Dillingham, AK, USA",,2070.0,AK,Name6012571,True,True,False,Severe
USA,Small,Technology,IT Services,"Dillingham, AK, USA",,2070.0,AK,Name6012573,False,False,True,High
USA,Small,Technology,IT Services,"Dillingham, AK, USA",,2070.0,AK,Name6012574,True,False,False,High
USA,Small,Technology,IT Services,"Dillingham, AK, USA",,2070.0,AK,Name6012576,True,False,False,Low
USA,Small,Technology,IT Services,"Dillingham, AK, USA",,2070.0,AK,Name6012577,True,False,False,Medium
USA,Small,Technology,IT Services,"Dillingham, AK, USA",,2070.0,AK,Name6012578,True,True,False,Severe
USA,Small,Technology,IT Services,"Dillingham, AK, USA",,2070.0,AK,Name6012579,False,True,False,Severe
USA,Small,Technology,IT Services,"Dillingham, AK, USA",,2070.0,AK,Name6012580,True,True,False,Severe
USA,Small,Technology,IT Services,"Dillingham, AK, USA",,2070.0,AK,Name6012581,True,False,False,Low
USA,Small,Technology,IT Services,"Dillingham, AK, USA",,2070.0,AK,Name6012582,False,True,False,Severe
USA,Small,Technology,IT Services,"Dillingham, AK, USA",,2070.0,AK,Name6012583,True,False,False,Medium
USA,Small,Technology,IT Services,"Dillingham, AK, USA",,2070.0,AK,Name6012584,True,False,False,Medium
USA,Small,Technology,IT Services,"Dillingham, AK, USA",,2070.0,AK,Name6012586,True,False,False,Severe
USA,Small,Technology,IT Services,"Dillingham, AK, USA",,2070.0,AK,Name6012587,False,True,False,High
USA,Small,Technology,IT Services,"Dillingham, AK, USA",,2070.0,AK,Name6012588,True,False,False,Low
USA,Small,Technology,IT Services,"Dillingham, AK, USA",,2070.0,AK,Name6012589,False,True,False,Severe
USA,Small,Technology,IT Services,"Dillingham, AK, USA",,2070.0,AK,Name6012590,True,True,False,Low
USA,Small,Technology,IT Services,"Dillingham, AK, USA",,2070.0,AK,Name6012592,True,True,False,Medium
USA,Small,Technology,IT Services,"Dillingham, AK, USA",,2070.0,AK,Name6012594,False,True,False,High
USA,Small,Technology,IT Services,"Dillingham, AK, USA",,2070.0,AK,Name6012595,True,False,False,Medium
USA,Small,Technology,IT Services,"Dillingham, AK, USA",,2070.0,AK,Name6012596,False,True,True,Low
USA,Small,Technology,IT Services,"Dillingham, AK, USA",,2070.0,AK,Name6012597,False,False,True,Low
USA,Small,Technology,IT Services,"Dillingham, AK, USA",,2070.0,AK,Name6012598,False,False,True,Severe
USA,Small,Technology,IT Services,"Dillingham, AK, USA",,2070.0,AK,Name6012599,True,True,False,Low
USA,Small,Technology,IT Services,"Dillingham, AK, USA",,2070.0,AK,Name6012600,True,False,False,Medium
USA,Small,Technology,IT Services,"Dillingham, AK, USA",,2070.0,AK,Name6012601,True,False,False,Low
USA,Small,Technology,IT Services,"Dillingham, AK, USA",,2070.0,AK,Name6012602,True,False,False,High
USA,Small,Technology,IT Services,"Dillingham, AK, USA",,2070.0,AK,Name6012603,False,True,True,Low
USA,Small,Technology,IT Services,"Dillingham, AK, USA",,2070.0,AK,Name6012604,True,True,False,High
USA,Small,Technology,IT Services,"Dillingham, AK, USA",,2070.0,AK,Name6012606,True,False,False,High
USA,Small,Technology,IT Services,"Dillingham, AK, USA",,2070.0,AK,Name6012607,True,False,False,Severe
USA,Small,Technology,IT Services,"Dillingham, AK, USA",,2070.0,AK,Name6012608,False,True,False,Medium
USA,Small,Technology,IT Services,"Dillingham, AK, USA",,2070.0,AK,Name6012609,True,True,False,Low
USA,Small,Technology,IT Services,"Dillingham, AK, USA",,2070.0,AK,Name6012610,True,True,False,Medium
USA,Small,Technology,IT Services,"Dillingham, AK, USA",,2070.0,AK,Name6012611,True,False,False,Medium
USA,Small,Healthcare,Pharmaceuticals,"Dillingham, AK, USA",,2070.0,AK,Name6012612,True,False,False,High
USA,Small,Healthcare,Pharmaceuticals,"Dillingham, AK, USA",,2070.0,AK,Name6012613,True,True,False,Low
USA,Small,Healthcare,Pharmaceuticals,"Dillingham, AK, USA",,2070.0,AK,Name6012614,False,True,True,Medium
USA,Small,Healthcare,Pharmaceuticals,"Dillingham, AK, USA",,2070.0,AK,Name6012615,True,True,False,Medium
USA,Small,Healthcare,Pharmaceuticals,"Dillingham, AK, USA",,2070.0,AK,Name6012616,True,True,False,High
USA,Small,Healthcare,Pharmaceuticals,"Dillingham, AK, USA",,2070.0,AK,Name6012617,True,True,False,Low
USA,Small,Healthcare,Pharmaceuticals,"Dillingham, AK, USA",,2070.0,AK,Name6012618,True,False,False,High
USA,Small,Healthcare,Pharmaceuticals,"Dillingham, AK, USA",,2070.0,AK,Name6012620,False,True,True,Severe
USA,Small,Healthcare,Pharmaceuticals,"Dillingham, AK, USA",,2070.0,AK,Name6012621,False,True,True,Low
USA,Small,Healthcare,Pharmaceuticals,"Dillingham, AK, USA",,2070.0,AK,Name6012622,False,True,False,High
USA,Small,Healthcare,Pharmaceuticals,"Dillingham, AK, USA",,2070.0,AK,Name6012624,False,False,True,High
USA,Small,Healthcare,Pharmaceuticals,"Dillingham, AK, USA",,2070.0,AK,Name6012625,True,True,False,Low
USA,Small,Healthcare,Pharmaceuticals,"Dillingham, AK, USA",,2070.0,AK,Name6012626,False,False,True,Low
USA,Small,Healthcare,Pharmaceuticals,"Dillingham, AK, USA",,2070.0,AK,Name6012627,True,False,False,Low
USA,Small,Healthcare,Pharmaceuticals,"Dillingham, AK, USA",,2070.0,AK,Name6012631,False,True,True,High
USA,Small,Healthcare,Medical Devices,"Dillingham, AK, USA",,2070.0,AK,Name6012632,False,True,True,Low
USA,Small,Healthcare,Medical Devices,"Dillingham, AK, USA",,2070.0,AK,Name6012633,True,False,False,High
USA,Small,Healthcare,Medical Devices,"Dillingham, AK, USA",,2070.0,AK,Name6012634,True,False,False,Medium
USA,Small,Healthcare,Medical Devices,"Dillingham, AK, USA",,2070.0,AK,Name6012636,False,True,True,Severe
USA,Small,Healthcare,Medical Devices,"Dillingham, AK, USA",,2070.0,AK,Name6012637,True,True,False,Medium
USA,Small,Healthcare,Medical Devices,"Dillingham, AK, USA",,2070.0,AK,Name6012638,True,True,False,Severe
USA,Small,Healthcare,Medical Devices,"Dillingham, AK, USA",,2070.0,AK,Name6012639,False,True,True,Medium
USA,Small,Healthcare,Medical Devices,"Dillingham, AK, USA",,2070.0,AK,Name6012640,False,True,True,High
USA,Small,Healthcare,Medical Devices,"Dillingham, AK, USA",,2070.0,AK,Name6012641,False,False,True,Medium
USA,Small,Healthcare,Medical Devices,"Dillingham, AK, USA",,2070.0,AK,Name6012642,True,False,False,Medium
USA,Small,Healthcare,Medical Devices,"Dillingham, AK, USA",,2070.0,AK,Name6012643,True,False,False,High
USA,Small,Healthcare,Medical Devices,"Dillingham, AK, USA",,2070.0,AK,Name6012644,False,True,True,Severe
USA,Small,Healthcare,Medical Devices,"Dillingham, AK, USA",,2070.0,AK,Name6012646,True,True,False,Medium
USA,Small,Healthcare,Medical Devices,"Dillingham, AK, USA",,2070.0,AK,Name6012647,False,False,True,Low
USA,Small,Healthcare,Medical Devices,"Dillingham, AK, USA",,2070.0,AK,Name6012648,False,False,True,Medium
USA,Small,Healthcare,Medical Devices,"Dillingham, AK, USA",,2070.0,AK,Name6012649,True,True,False,Severe
USA,Small,Healthcare,Medical Devices,"Dillingham, AK, USA",,2070.0,AK,Name6012650,False,True,True,Low
USA,Small,Healthcare,Medical Devices,"Dillingham, AK, USA",,2070.0,AK,Name6012651,False,True,False,Low
USA,Small,Healthcare,Medical Devices,"Dillingham, AK, USA",,2070.0,AK,Name6012653,True,False,False,Medium
USA,Small,Healthcare,Medical Devices,"Dillingham, AK, USA",,2070.0,AK,Name6012654,False,False,True,Low
USA,Small,Healthcare,Medical Devices,"Dillingham, AK, USA",,2070.0,AK,Name6012655,True,False,False,High
USA,Small,Healthcare,Medical Devices,"Dillingham, AK, USA",,2070.0,AK,Name6012656,True,False,False,Medium
USA,Small,Healthcare,Medical Devices,"Dillingham, AK, USA",,2070.0,AK,Name6012657,True,False,False,Medium
USA,Small,Healthcare,Medical Devices,"Dillingham, AK, USA",,2070.0,AK,Name6012658,False,True,True,Severe
USA,Small,Healthcare,Medical Devices,"Dillingham, AK, USA",,2070.0,AK,Name6012659,True,True,False,Low
USA,Small,Healthcare,Medical Devices,"Dillingham, AK, USA",,2070.0,AK,Name6012660,True,False,False,Medium
USA,Small,Healthcare,Medical Devices,"Dillingham, AK, USA",,2070.0,AK,Name6012661,False,True,False,High
USA,Small,Healthcare,Medical Devices,"Dillingham, AK, USA",,2070.0,AK,Name6012662,True,False,False,Low
USA,Small,Healthcare,Healthcare Services,"Dillingham, AK, USA",,2070.0,AK,Name6012663,True,False,False,Severe
USA,Small,Healthcare,Healthcare Services,"Dillingham, AK, USA",,2070.0,AK,Name6012664,False,False,True,Low
USA,Small,Healthcare,Healthcare Services,"Dillingham, AK, USA",,2070.0,AK,Name6012666,True,True,False,Medium
USA,Small,Healthcare,Healthcare Services,"Dillingham, AK, USA",,2070.0,AK,Name6012668,True,True,False,Low
USA,Small,Healthcare,Healthcare Services,"Dillingham, AK, USA",,2070.0,AK,Name6012670,False,False,True,Medium
USA,Small,Healthcare,Healthcare Services,"Dillingham, AK, USA",,2070.0,AK,Name6012671,True,False,False,Medium
USA,Small,Healthcare,Healthcare Services,"Dillingham, AK, USA",,2070.0,AK,Name6012672,False,False,True,Medium
USA,Small,Healthcare,Healthcare Services,"Dillingham, AK, USA",,2070.0,AK,Name6012673,True,True,False,Low
USA,Small,Healthcare,Healthcare Services,"Dillingham, AK, USA",,2070.0,AK,Name6012674,True,False,False,Low
USA,Small,Healthcare,Healthcare Services,"Dillingham, AK, USA",,2070.0,AK,Name6012675,True,False,False,Low
USA,Small,Healthcare,Healthcare Services,"Dillingham, AK, USA",,2070.0,AK,Name6012676,False,False,True,High
USA,Small,Healthcare,Healthcare Services,"Dillingham, AK, USA",,2070.0,AK,Name6012677,False,True,False,High
USA,Small,Healthcare,Healthcare Services,"Dillingham, AK, USA",,2070.0,AK,Name6012678,True,False,False,Medium
USA,Small,Healthcare,Healthcare Services,"Dillingham, AK, USA",,2070.0,AK,Name6012679,True,True,False,Severe
USA,Small,Healthcare,Healthcare Services,"Dillingham, AK, USA",,2070.0,AK,Name6012680,True,True,False,High
USA,Small,Healthcare,Healthcare Services,"Dillingham, AK, USA",,2070.0,AK,Name6012681,True,True,False,Severe
USA,Small,Healthcare,Healthcare Services,"Dillingham, AK, USA",,2070.0,AK,Name6012682,True,True,False,Medium
USA,Small,Healthcare,Healthcare Services,"Dillingham, AK, USA",,2070.0,AK,Name6012683,False,False,True,High
USA,Small,Healthcare,Healthcare Services,"Dillingham, AK, USA",,2070.0,AK,Name6012685,True,True,False,Severe
USA,Small,Healthcare,Healthcare Services,"Dillingham, AK, USA",,2070.0,AK,Name6012686,True,False,False,Low
USA,Small,Healthcare,Healthcare Services,"Dillingham, AK, USA",,2070.0,AK,Name6012689,False,True,True,High
USA,Small,Healthcare,Healthcare Services,"Dillingham, AK, USA",,2070.0,AK,Name6012690,False,True,False,Medium
USA,Small,Healthcare,Healthcare Services,"Dillingham, AK, USA",,2070.0,AK,Name6012691,True,True,False,Low
USA,Small,Finance,Banking,"Dillingham, AK, USA",,2070.0,AK,Name6012692,False,True,False,Severe
USA,Small,Finance,Banking,"Dillingham, AK, USA",,2070.0,AK,Name6012693,False,False,True,Medium
USA,Small,Finance,Banking,"Dillingham, AK, USA",,2070.0,AK,Name6012694,True,True,False,Medium
USA,Small,Finance,Banking,"Dillingham, AK, USA",,2070.0,AK,Name6012695,False,True,True,High
USA,Small,Finance,Banking,"Dillingham, AK, USA",,2070.0,AK,Name6012696,True,True,False,Medium
USA,Small,Finance,Banking,"Dillingham, AK, USA",,2070.0,AK,Name6012697,False,True,True,Medium
USA,Small,Finance,Banking,"Dillingham, AK, USA",,2070.0,AK,Name6012698,False,True,True,High
USA,Small,Finance,Banking,"Dillingham, AK, USA",,2070.0,AK,Name6012699,True,False,False,Medium
USA,Small,Finance,Banking,"Dillingham, AK, USA",,2070.0,AK,Name6012700,False,False,True,Severe
USA,Small,Finance,Banking,"Dillingham, AK, USA",,2070.0,AK,Name6012701,False,True,False,High
USA,Small,Finance,Banking,"Dillingham, AK, USA",,2070.0,AK,Name6012703,False,False,True,High
USA,Small,Finance,Banking,"Dillingham, AK, USA",,2070.0,AK,Name6012704,False,True,False,Medium
USA,Small,Finance,Banking,"Dillingham, AK, USA",,2070.0,AK,Name6012706,False,False,True,High
USA,Small,Finance,Banking,"Dillingham, AK, USA",,2070.0,AK,Name6012707,True,True,False,Low
USA,Small,Finance,Banking,"Dillingham, AK, USA",,2070.0,AK,Name6012708,True,True,False,High
USA,Small,Finance,Banking,"Dillingham, AK, USA",,2070.0,AK,Name6012709,True,True,False,Severe
USA,Small,Finance,Banking,"Dillingham, AK, USA",,2070.0,AK,Name6012710,False,True,False,Severe
USA,Small,Finance,Banking,"Dillingham, AK, USA",,2070.0,AK,Name6012711,True,True,False,Low
USA,Small,Finance,Banking,"Dillingham, AK, USA",,2070.0,AK,Name6012712,False,False,True,Low
USA,Small,Finance,Banking,"Dillingham, AK, USA",,2070.0,AK,Name6012714,False,True,False,High
USA,Small,Finance,Banking,"Dillingham, AK, USA",,2070.0,AK,Name6012715,False,True,False,Severe
USA,Small,Finance,Banking,"Dillingham, AK, USA",,2070.0,AK,Name6012716,False,False,True,Medium
USA,Small,Finance,Banking,"Dillingham, AK, USA",,2070.0,AK,Name6012717,True,True,False,Low
USA,Small,Finance,Banking,"Dillingham, AK, USA",,2070.0,AK,Name6012718,False,False,True,Low
USA,Small,Finance,Insurance,"Dillingham, AK, USA",,2070.0,AK,Name6012719,False,True,True,High
USA,Small,Finance,Insurance,"Dillingham, AK, USA",,2070.0,AK,Name6012720,True,False,False,Severe
USA,Small,Finance,Insurance,"Dillingham, AK, USA",,2070.0,AK,Name6012721,True,False,False,Severe
USA,Small,Finance,Insurance,"Dillingham, AK, USA",,2070.0,AK,Name6012723,False,True,True,Medium
USA,Small,Finance,Insurance,"Dillingham, AK, USA",,2070.0,AK,Name6012724,True,True,False,Low
USA,Small,Finance,Insurance,"Dillingham, AK, USA",,2070.0,AK,Name6012725,False,False,True,Medium
USA,Small,Finance,Insurance,"Dillingham, AK, USA",,2070.0,AK,Name6012727,True,False,False,High
USA,Small,Finance,Insurance,"Dillingham, AK, USA",,2070.0,AK,Name6012728,False,False,True,Low
USA,Small,Finance,Insurance,"Dillingham, AK, USA",,2070.0,AK,Name6012729,True,True,False,Medium
USA,Small,Finance,Insurance,"Dillingham, AK, USA",,2070.0,AK,Name6012730,True,True,False,High
USA,Small,Finance,Insurance,"Dillingham, AK, USA",,2070.0,AK,Name6012731,True,False,False,Low
USA,Small,Finance,Insurance,"Dillingham, AK, USA",,2070.0,AK,Name6012733,False,True,True,Severe
USA,Small,Finance,Insurance,"Dillingham, AK, USA",,2070.0,AK,Name6012734,True,False,False,High
USA,Small,Finance,Insurance,"Dillingham, AK, USA",,2070.0,AK,Name6012735,True,True,False,Severe
USA,Small,Finance,Insurance,"Dillingham, AK, USA",,2070.0,AK,Name6012736,True,False,False,High
USA,Small,Finance,Insurance,"Dillingham, AK, USA",,2070.0,AK,Name6012738,False,True,True,Medium
USA,Small,Finance,Insurance,"Dillingham, AK, USA",,2070.0,AK,Name6012739,True,False,False,Severe
USA,Small,Finance,Insurance,"Dillingham, AK, USA",,2070.0,AK,Name6012740,True,True,False,High
USA,Small,Finance,Insurance,"Dillingham, AK, USA",,2070.0,AK,Name6012741,True,True,False,Severe
USA,Small,Finance,Insurance,"Dillingham, AK, USA",,2070.0,AK,Name6012742,False,True,False,Medium
USA,Small,Finance,Insurance,"Dillingham, AK, USA",,2070.0,AK,Name6012743,True,True,False,Severe
USA,Small,Finance,Insurance,"Dillingham, AK, USA",,2070.0,AK,Name6012744,False,True,False,Medium
USA,Small,Finance,Insurance,"Dillingham, AK, USA",,2070.0,AK,Name6012745,True,False,False,Low
USA,Small,Finance,Insurance,"Dillingham, AK, USA",,2070.0,AK,Name6012747,True,True,False,Medium
USA,Small,Finance,Insurance,"Dillingham, AK, USA",,2070.0,AK,Name6012748,False,False,True,High
USA,Small,Finance,Insurance,"Dillingham, AK, USA",,2070.0,AK,Name6012749,False,True,True,Medium
USA,Small,Finance,Insurance,"Dillingham, AK, USA",,2070.0,AK,Name6012750,False,True,True,High
USA,Small,Finance,Insurance,"Dillingham, AK, USA",,2070.0,AK,Name6012751,True,False,False,Low
USA,Small,Finance,Insurance,"Dillingham, AK, USA",,2070.0,AK,Name6012752,False,False,True,Medium
USA,Small,Finance,Insurance,"Dillingham, AK, USA",,2070.0,AK,Name6012753,True,True,False,Low
USA,Small,Finance,Insurance,"Dillingham, AK, USA",,2070.0,AK,Name6012754,True,True,False,Low
USA,Small,Finance,Insurance,"Dillingham, AK, USA",,2070.0,AK,Name6012755,False,True,False,Medium
USA,Small,Finance,Insurance,"Dillingham, AK, USA",,2070.0,AK,Name6012756,False,True,False,Medium
USA,Small,Finance,Insurance,"Dillingham, AK, USA",,2070.0,AK,Name6012757,False,True,False,Low
USA,Small,Finance,Insurance,"Dillingham, AK, USA",,2070.0,AK,Name6012758,False,True,True,Medium
USA,Small,Finance,Insurance,"Dillingham, AK, USA",,2070.0,AK,Name6012759,True,False,False,Medium
USA,Small,Finance,Insurance,"Dillingham, AK, USA",,2070.0,AK,Name6012760,False,True,False,Low
USA,Small,Finance,Investment Services,"Dillingham, AK, USA",,2070.0,AK,Name6012761,True,True,False,Severe
USA,Small,Finance,Investment Services,"Dillingham, AK, USA",,2070.0,AK,Name6012762,False,False,True,Severe
USA,Small,Finance,Investment Services,"Dillingham, AK, USA",,2070.0,AK,Name6012763,True,True,False,Low
USA,Small,Finance,Investment Services,"Dillingham, AK, USA",,2070.0,AK,Name6012764,False,True,False,Severe
USA,Small,Finance,Investment Services,"Dillingham, AK, USA",,2070.0,AK,Name6012765,False,False,True,High
USA,Small,Finance,Investment Services,"Dillingham, AK, USA",,2070.0,AK,Name6012766,True,False,False,High
USA,Small,Finance,Investment Services,"Dillingham, AK, USA",,2070.0,AK,Name6012767,False,False,True,Medium
USA,Small,Finance,Investment Services,"Dillingham, AK, USA",,2070.0,AK,Name6012768,True,False,False,Severe
USA,Small,Finance,Investment Services,"Dillingham, AK, USA",,2070.0,AK,Name6012769,True,True,False,High
USA,Small,Finance,Investment Services,"Dillingham, AK, USA",,2070.0,AK,Name6012771,False,False,True,Severe
USA,Small,Finance,Investment Services,"Dillingham, AK, USA",,2070.0,AK,Name6012772,True,False,False,Severe
USA,Small,Finance,Investment Services,"Dillingham, AK, USA",,2070.0,AK,Name6012773,True,True,False,Low
USA,Small,Finance,Investment Services,"Dillingham, AK, USA",,2070.0,AK,Name6012774,False,False,True,Low
USA,Small,Finance,Investment Services,"Dillingham, AK, USA",,2070.0,AK,Name6012775,True,False,False,Medium
USA,Small,Finance,Investment Services,"Dillingham, AK, USA",,2070.0,AK,Name6012776,True,True,False,Medium
USA,Small,Finance,Investment Services,"Dillingham, AK, USA",,2070.0,AK,Name6012777,False,False,True,Severe
USA,Small,Finance,Investment Services,"Dillingham, AK, USA",,2070.0,AK,Name6012778,True,False,False,Severe
USA,Small,Finance,Investment Services,"Dillingham, AK, USA",,2070.0,AK,Name6012779,False,False,True,Medium
USA,Small,Finance,Investment Services,"Dillingham, AK, USA",,2070.0,AK,Name6012780,False,True,True,High
USA,Small,Finance,Investment Services,"Dillingham, AK, USA",,2070.0,AK,Name6012781,False,True,True,High
USA,Small,Finance,Investment Services,"Dillingham, AK, USA",,2070.0,AK,Name6012782,False,True,False,Medium
USA,Small,Finance,Investment Services,"Dillingham, AK, USA",,2070.0,AK,Name6012784,True,True,False,High
USA,Small,Finance,Investment Services,"Dillingham, AK, USA",,2070.0,AK,Name6012785,False,True,True,Medium
USA,Small,Finance,Investment Services,"Dillingham, AK, USA",,2070.0,AK,Name6012786,True,False,False,Severe
USA,Small,Finance,Investment Services,"Dillingham, AK, USA",,2070.0,AK,Name6012787,True,True,False,Low
USA,Small,Finance,Investment Services,"Dillingham, AK, USA",,2070.0,AK,Name6012788,True,True,False,High
USA,Small,Energy,Oil & Gas,"Dillingham, AK, USA",,2070.0,AK,Name6012789,True,True,False,Severe
USA,Small,Energy,Oil & Gas,"Dillingham, AK, USA",,2070.0,AK,Name6012790,True,True,False,Low
USA,Small,Energy,Oil & Gas,"Dillingham, AK, USA",,2070.0,AK,Name6012791,False,True,False,High
USA,Small,Energy,Oil & Gas,"Dillingham, AK, USA",,2070.0,AK,Name6012792,False,False,True,Low
USA,Small,Energy,Oil & Gas,"Dillingham, AK, USA",,2070.0,AK,Name6012793,False,True,False,Severe
USA,Small,Energy,Oil & Gas,"Dillingham, AK, USA",,2070.0,AK,Name6012794,False,True,True,Severe
USA,Small,Energy,Oil & Gas,"Dillingham, AK, USA",,2070.0,AK,Name6012795,True,False,False,Low
USA,Small,Energy,Oil & Gas,"Dillingham, AK, USA",,2070.0,AK,Name6012798,False,False,True,Severe
USA,Small,Energy,Oil & Gas,"Dillingham, AK, USA",,2070.0,AK,Name6012799,False,False,True,High
USA,Small,Energy,Oil & Gas,"Dillingham, AK, USA",,2070.0,AK,Name6012800,True,True,False,High
USA,Small,Energy,Oil & Gas,"Dillingham, AK, USA",,2070.0,AK,Name6012801,True,False,False,Medium
USA,Small,Energy,Oil & Gas,"Dillingham, AK, USA",,2070.0,AK,Name6012802,False,True,False,Medium
USA,Small,Energy,Oil & Gas,"Dillingham, AK, USA",,2070.0,AK,Name6012803,True,True,False,Low
USA,Small,Energy,Oil & Gas,"Dillingham, AK, USA",,2070.0,AK,Name6012804,True,True,False,Severe
USA,Small,Energy,Oil & Gas,"Dillingham, AK, USA",,2070.0,AK,Name6012805,True,True,False,Severe
USA,Small,Energy,Oil & Gas,"Dillingham, AK, USA",,2070.0,AK,Name6012806,True,False,False,High
USA,Small,Energy,Oil & Gas,"Dillingham, AK, USA",,2070.0,AK,Name6012807,True,False,False,High
USA,Small,Energy,Oil & Gas,"Dillingham, AK, USA",,2070.0,AK,Name6012808,True,False,False,Low
USA,Small,Energy,Oil & Gas,"Dillingham, AK, USA",,2070.0,AK,Name6012809,True,False,False,Low
USA,Small,Energy,Oil & Gas,"Dillingham, AK, USA",,2070.0,AK,Name6012810,False,True,True,Severe
USA,Small,Energy,Oil & Gas,"Dillingham, AK, USA",,2070.0,AK,Name6012811,False,False,True,High
USA,Small,Energy,Oil & Gas,"Dillingham, AK, USA",,2070.0,AK,Name6012812,True,False,False,Medium
USA,Small,Energy,Oil & Gas,"Dillingham, AK, USA",,2070.0,AK,Name6012813,True,True,False,Low
USA,Small,Energy,Oil & Gas,"Dillingham, AK, USA",,2070.0,AK,Name6012814,True,False,False,Medium
USA,Small,Energy,Oil & Gas,"Dillingham, AK, USA",,2070.0,AK,Name6012815,False,False,True,Severe
USA,Small,Energy,Oil & Gas,"Dillingham, AK, USA",,2070.0,AK,Name6012816,False,True,False,Severe
USA,Small,Energy,Oil & Gas,"Dillingham, AK, USA",,2070.0,AK,Name6012817,True,True,False,High
USA,Small,Energy,Oil & Gas,"Dillingham, AK, USA",,2070.0,AK,Name6012818,True,True,False,Low
USA,Small,Energy,Oil & Gas,"Dillingham, AK, USA",,2070.0,AK,Name6012819,False,True,True,High
USA,Small,Energy,Oil & Gas,"Dillingham, AK, USA",,2070.0,AK,Name6012820,False,True,False,Severe
USA,Small,Energy,Oil & Gas,"Dillingham, AK, USA",,2070.0,AK,Name6012821,True,False,False,Medium
USA,Small,Energy,Oil & Gas,"Dillingham, AK, USA",,2070.0,AK,Name6012822,True,True,False,Low
USA,Small,Energy,Oil & Gas,"Dillingham, AK, USA",,2070.0,AK,Name6012823,True,True,False,Severe
USA,Small,Energy,Oil & Gas,"Dillingham, AK, USA",,2070.0,AK,Name6012824,True,True,False,Medium
USA,Small,Energy,Oil & Gas,"Dillingham, AK, USA",,2070.0,AK,Name6012825,False,True,False,Low
USA,Small,Energy,Oil & Gas,"Dillingham, AK, USA",,2070.0,AK,Name6012826,True,True,False,Medium
USA,Small,Energy,Oil & Gas,"Dillingham, AK, USA",,2070.0,AK,Name6012827,False,False,True,Medium
USA,Small,Energy,Oil & Gas,"Dillingham, AK, USA",,2070.0,AK,Name6012828,True,True,False,Low
USA,Small,Energy,Oil & Gas,"Dillingham, AK, USA",,2070.0,AK,Name6012829,False,True,False,High
USA,Small,Energy,Oil & Gas,"Dillingham, AK, USA",,2070.0,AK,Name6012830,False,True,False,High
USA,Small,Energy,Oil & Gas,"Dillingham, AK, USA",,2070.0,AK,Name6012831,False,True,True,Low
USA,Small,Energy,Oil & Gas,"Dillingham, AK, USA",,2070.0,AK,Name6012832,False,False,True,Low
USA,Small,Energy,Renewable Energy,"Dillingham, AK, USA",,2070.0,AK,Name6012833,True,False,False,Medium
USA,Small,Energy,Renewable Energy,"Dillingham, AK, USA",,2070.0,AK,Name6012834,False,True,True,Medium
USA,Small,Energy,Renewable Energy,"Dillingham, AK, USA",,2070.0,AK,Name6012835,True,False,False,Low
USA,Small,Energy,Renewable Energy,"Dillingham, AK, USA",,2070.0,AK,Name6012836,True,True,False,Severe
USA,Small,Energy,Renewable Energy,"Dillingham, AK, USA",,2070.0,AK,Name6012837,False,True,True,High
USA,Small,Energy,Renewable Energy,"Dillingham, AK, USA",,2070.0,AK,Name6012838,True,True,False,Medium
USA,Small,Energy,Renewable Energy,"Dillingham, AK, USA",,2070.0,AK,Name6012839,True,False,False,Severe
USA,Small,Energy,Renewable Energy,"Dillingham, AK, USA",,2070.0,AK,Name6012840,False,True,True,Low
USA,Small,Energy,Renewable Energy,"Dillingham, AK, USA",,2070.0,AK,Name6012841,False,True,False,High
USA,Small,Energy,Renewable Energy,"Dillingham, AK, USA",,2070.0,AK,Name6012842,False,True,True,Medium
USA,Small,Energy,Renewable Energy,"Dillingham, AK, USA",,2070.0,AK,Name6012843,True,True,False,High
USA,Small,Energy,Renewable Energy,"Dillingham, AK, USA",,2070.0,AK,Name6012844,False,True,False,Low
USA,Small,Energy,Renewable Energy,"Dillingham, AK, USA",,2070.0,AK,Name6012845,True,True,False,Medium
USA,Small,Energy,Renewable Energy,"Dillingham, AK, USA",,2070.0,AK,Name6012846,True,False,False,High
USA,Small,Energy,Renewable Energy,"Dillingham, AK, USA",,2070.0,AK,Name6012847,True,False,False,High
USA,Small,Energy,Renewable Energy,"Dillingham, AK, USA",,2070.0,AK,Name6012848,False,False,True,High
USA,Small,Energy,Renewable Energy,"Dillingham, AK, USA",,2070.0,AK,Name6012849,False,False,True,Low
USA,Small,Energy,Renewable Energy,"Dillingham, AK, USA",,2070.0,AK,Name6012850,True,False,False,Severe
USA,Small,Energy,Renewable Energy,"Dillingham, AK, USA",,2070.0,AK,Name6012851,False,True,True,Medium
USA,Small,Energy,Renewable Energy,"Dillingham, AK, USA",,2070.0,AK,Name6012852,False,False,True,Severe
USA,Small,Energy,Renewable Energy,"Dillingham, AK, USA",,2070.0,AK,Name6012853,True,True,False,Severe
USA,Small,Energy,Renewable Energy,"Dillingham, AK, USA",,2070.0,AK,Name6012854,False,True,True,Severe
USA,Small,Energy,Renewable Energy,"Dillingham, AK, USA",,2070.0,AK,Name6012855,True,False,False,High
USA,Small,Energy,Renewable Energy,"Dillingham, AK, USA",,2070.0,AK,Name6012856,False,True,False,Severe
USA,Small,Energy,Renewable Energy,"Dillingham, AK, USA",,2070.0,AK,Name6012857,True,False,False,Low
USA,Small,Energy,Renewable Energy,"Dillingham, AK, USA",,2070.0,AK,Name6012858,True,False,False,Severe
USA,Small,Energy,Renewable Energy,"Dillingham, AK, USA",,2070.0,AK,Name6012860,False,True,True,High
USA,Small,Energy,Renewable Energy,"Dillingham, AK, USA",,2070.0,AK,Name6012861,False,True,True,Medium
USA,Small,Energy,Renewable Energy,"Dillingham, AK, USA",,2070.0,AK,Name6012862,True,False,False,Low
USA,Small,Energy,Renewable Energy,"Dillingham, AK, USA",,2070.0,AK,Name6012863,True,True,False,Low
USA,Small,Energy,Renewable Energy,"Dillingham, AK, USA",,2070.0,AK,Name6012864,True,True,False,Severe
USA,Small,Energy,Renewable Energy,"Dillingham, AK, USA",,2070.0,AK,Name6012865,False,True,True,Medium
USA,Small,Energy,Renewable Energy,"Dillingham, AK, USA",,2070.0,AK,Name6012866,True,True,False,High
USA,Small,Energy,Renewable Energy,"Dillingham, AK, USA",,2070.0,AK,Name6012867,True,True,False,Severe
USA,Small,Energy,Renewable Energy,"Dillingham, AK, USA",,2070.0,AK,Name6012868,True,False,False,Medium
USA,Small,Energy,Renewable Energy,"Dillingham, AK, USA",,2070.0,AK,Name6012869,False,True,True,High
USA,Small,Energy,Renewable Energy,"Dillingham, AK, USA",,2070.0,AK,Name6012870,False,False,True,Severe
USA,Small,Energy,Renewable Energy,"Dillingham, AK, USA",,2070.0,AK,Name6012871,True,False,False,Medium
USA,Small,Energy,Renewable Energy,"Dillingham, AK, USA",,2070.0,AK,Name6012872,True,False,False,Severe
USA,Small,Energy,Renewable Energy,"Dillingham, AK, USA",,2070.0,AK,Name6012874,False,True,False,Severe
USA,Small,Energy,Renewable Energy,"Dillingham, AK, USA",,2070.0,AK,Name6012875,False,True,False,Severe
USA,Small,Energy,Energy Exploration,"Dillingham, AK, USA",,2070.0,AK,Name6012876,True,False,False,High
USA,Small,Energy,Energy Exploration,"Dillingham, AK, USA",,2070.0,AK,Name6012877,True,False,False,Severe
USA,Small,Energy,Energy Exploration,"Dillingham, AK, USA",,2070.0,AK,Name6012878,False,False,True,Severe
USA,Small,Energy,Energy Exploration,"Dillingham, AK, USA",,2070.0,AK,Name6012879,True,True,False,Low
USA,Small,Energy,Energy Exploration,"Dillingham, AK, USA",,2070.0,AK,Name6012880,True,True,False,Medium
USA,Small,Energy,Energy Exploration,"Dillingham, AK, USA",,2070.0,AK,Name6012881,True,True,False,Low
USA,Small,Energy,Energy Exploration,"Dillingham, AK, USA",,2070.0,AK,Name6012882,True,True,False,Medium
USA,Small,Energy,Energy Exploration,"Dillingham, AK, USA",,2070.0,AK,Name6012883,False,True,False,Medium
USA,Small,Energy,Energy Exploration,"Dillingham, AK, USA",,2070.0,AK,Name6012884,True,True,False,High
USA,Small,Energy,Energy Exploration,"Dillingham, AK, USA",,2070.0,AK,Name6012885,False,False,True,Low
USA,Small,Energy,Energy Exploration,"Dillingham, AK, USA",,2070.0,AK,Name6012887,True,True,False,Medium
USA,Small,Energy,Energy Exploration,"Dillingham, AK, USA",,2070.0,AK,Name6012888,True,False,False,High
USA,Small,Energy,Energy Exploration,"Dillingham, AK, USA",,2070.0,AK,Name6012889,True,True,False,Severe
USA,Small,Energy,Energy Exploration,"Dillingham, AK, USA",,2070.0,AK,Name6012890,True,False,False,High
USA,Small,Energy,Energy Exploration,"Dillingham, AK, USA",,2070.0,AK,Name6012891,True,True,False,Low
USA,Small,Energy,Energy Exploration,"Dillingham, AK, USA",,2070.0,AK,Name6012892,True,True,False,Severe
USA,Small,Energy,Energy Exploration,"Dillingham, AK, USA",,2070.0,AK,Name6012893,True,False,False,Medium
USA,Small,Energy,Energy Exploration,"Dillingham, AK, USA",,2070.0,AK,Name6012894,True,True,False,Medium
USA,Small,Energy,Energy Exploration,"Dillingham, AK, USA",,2070.0,AK,Name6012895,True,True,False,Low
USA,Small,Energy,Energy Exploration,"Dillingham, AK, USA",,2070.0,AK,Name6012896,False,True,False,Severe
USA,Small,Energy,Energy Exploration,"Dillingham, AK, USA",,2070.0,AK,Name6012897,False,True,True,Low
USA,Small,Energy,Energy Exploration,"Dillingham, AK, USA",,2070.0,AK,Name6012900,False,True,False,Severe
USA,Small,Consumer Goods,Food & Beverage,"Dillingham, AK, USA",,2070.0,AK,Name6012901,True,False,False,Low
USA,Small,Consumer Goods,Food & Beverage,"Dillingham, AK, USA",,2070.0,AK,Name6012902,True,False,False,Severe
USA,Small,Consumer Goods,Food & Beverage,"Dillingham, AK, USA",,2070.0,AK,Name6012904,True,False,False,Severe
USA,Small,Consumer Goods,Food & Beverage,"Dillingham, AK, USA",,2070.0,AK,Name6012905,True,True,False,High
USA,Small,Consumer Goods,Food & Beverage,"Dillingham, AK, USA",,2070.0,AK,Name6012906,False,True,False,Medium
USA,Small,Consumer Goods,Food & Beverage,"Dillingham, AK, USA",,2070.0,AK,Name6012907,True,False,False,Severe
USA,Small,Consumer Goods,Food & Beverage,"Dillingham, AK, USA",,2070.0,AK,Name6012908,True,True,False,High
USA,Small,Consumer Goods,Food & Beverage,"Dillingham, AK, USA",,2070.0,AK,Name6012909,False,True,False,Low
USA,Small,Consumer Goods,Food & Beverage,"Dillingham, AK, USA",,2070.0,AK,Name6012912,True,True,False,Low
USA,Small,Consumer Goods,Food & Beverage,"Dillingham, AK, USA",,2070.0,AK,Name6012913,True,False,False,Medium
USA,Small,Consumer Goods,Food & Beverage,"Dillingham, AK, USA",,2070.0,AK,Name6012915,True,False,False,Medium
USA,Small,Consumer Goods,Household Products,"Dillingham, AK, USA",,2070.0,AK,Name6012916,True,False,False,Severe
USA,Small,Consumer Goods,Household Products,"Dillingham, AK, USA",,2070.0,AK,Name6012917,True,True,False,High
USA,Small,Consumer Goods,Household Products,"Dillingham, AK, USA",,2070.0,AK,Name6012918,False,True,True,Severe
USA,Small,Consumer Goods,Household Products,"Dillingham, AK, USA",,2070.0,AK,Name6012919,True,False,False,Low
USA,Small,Consumer Goods,Household Products,"Dillingham, AK, USA",,2070.0,AK,Name6012920,False,True,False,Severe
USA,Small,Consumer Goods,Household Products,"Dillingham, AK, USA",,2070.0,AK,Name6012921,False,True,False,High
USA,Small,Consumer Goods,Household Products,"Dillingham, AK, USA",,2070.0,AK,Name6012922,False,True,True,High
USA,Small,Consumer Goods,Household Products,"Dillingham, AK, USA",,2070.0,AK,Name6012923,True,True,False,Severe
USA,Small,Consumer Goods,Household Products,"Dillingham, AK, USA",,2070.0,AK,Name6012925,False,True,True,Medium
USA,Small,Consumer Goods,Household Products,"Dillingham, AK, USA",,2070.0,AK,Name6012926,False,True,False,Low
USA,Small,Consumer Goods,Household Products,"Dillingham, AK, USA",,2070.0,AK,Name6012927,False,False,True,Medium
USA,Small,Consumer Goods,Household Products,"Dillingham, AK, USA",,2070.0,AK,Name6012928,True,False,False,Low
USA,Small,Consumer Goods,Apparel,"Dillingham, AK, USA",,2070.0,AK,Name6012930,True,False,False,Low
USA,Small,Consumer Goods,Apparel,"Dillingham, AK, USA",,2070.0,AK,Name6012931,True,True,False,Medium
USA,Small,Consumer Goods,Apparel,"Dillingham, AK, USA",,2070.0,AK,Name6012932,True,False,False,Low
USA,Small,Consumer Goods,Apparel,"Dillingham, AK, USA",,2070.0,AK,Name6012934,True,True,False,Severe
USA,Small,Consumer Goods,Apparel,"Dillingham, AK, USA",,2070.0,AK,Name6012936,False,True,True,Medium
USA,Small,Consumer Goods,Apparel,"Dillingham, AK, USA",,2070.0,AK,Name6012937,True,True,False,High
USA,Small,Consumer Goods,Apparel,"Dillingham, AK, USA",,2070.0,AK,Name6012938,True,True,False,Severe
USA,Small,Consumer Goods,Apparel,"Dillingham, AK, USA",,2070.0,AK,Name6012939,False,True,True,Low
USA,Small,Consumer Goods,Apparel,"Dillingham, AK, USA",,2070.0,AK,Name6012940,False,False,True,Medium
USA,Small,Consumer Goods,Apparel,"Dillingham, AK, USA",,2070.0,AK,Name6012941,True,False,False,Medium
USA,Small,Consumer Goods,Apparel,"Dillingham, AK, USA",,2070.0,AK,Name6012943,True,False,False,Severe
USA,Small,Consumer Goods,Apparel,"Dillingham, AK, USA",,2070.0,AK,Name6012944,False,True,False,Low
USA,Small,Consumer Goods,Apparel,"Dillingham, AK, USA",,2070.0,AK,Name6012946,False,False,True,Severe
USA,Small,Utilities,Electric,"Dillingham, AK, USA",,2070.0,AK,Name6012947,False,True,True,High
USA,Small,Utilities,Electric,"Dillingham, AK, USA",,2070.0,AK,Name6012948,True,False,False,Low
USA,Small,Utilities,Electric,"Dillingham, AK, USA",,2070.0,AK,Name6012949,False,False,True,Medium
USA,Small,Utilities,Electric,"Dillingham, AK, USA",,2070.0,AK,Name6012950,True,False,False,High
USA,Small,Utilities,Electric,"Dillingham, AK, USA",,2070.0,AK,Name6012951,False,True,False,High
USA,Small,Utilities,Electric,"Dillingham, AK, USA",,2070.0,AK,Name6012952,True,False,False,Severe
USA,Small,Utilities,Electric,"Dillingham, AK, USA",,2070.0,AK,Name6012953,True,True,False,Severe
USA,Small,Utilities,Electric,"Dillingham, AK, USA",,2070.0,AK,Name6012954,True,False,False,Low
USA,Small,Utilities,Electric,"Dillingham, AK, USA",,2070.0,AK,Name6012955,True,False,False,Medium
USA,Small,Utilities,Electric,"Dillingham, AK, USA",,2070.0,AK,Name6012956,False,True,False,Severe
USA,Small,Utilities,Electric,"Dillingham, AK, USA",,2070.0,AK,Name6012957,False,True,False,High
USA,Small,Utilities,Electric,"Dillingham, AK, USA",,2070.0,AK,Name6012958,True,True,False,Severe
USA,Small,Utilities,Electric,"Dillingham, AK, USA",,2070.0,AK,Name6012959,False,True,True,High
USA,Small,Utilities,Electric,"Dillingham, AK, USA",,2070.0,AK,Name6012960,True,False,False,Severe
USA,Small,Utilities,Electric,"Dillingham, AK, USA",,2070.0,AK,Name6012961,True,False,False,Low
USA,Small,Utilities,Electric,"Dillingham, AK, USA",,2070.0,AK,Name6012962,True,False,False,Medium
USA,Small,Utilities,Electric,"Dillingham, AK, USA",,2070.0,AK,Name6012963,False,True,False,Severe
USA,Small,Utilities,Electric,"Dillingham, AK, USA",,2070.0,AK,Name6012964,False,True,True,High
USA,Small,Utilities,Electric,"Dillingham, AK, USA",,2070.0,AK,Name6012965,True,False,False,Medium
USA,Small,Utilities,Electric,"Dillingham, AK, USA",,2070.0,AK,Name6012966,True,False,False,Low
USA,Small,Utilities,Electric,"Dillingham, AK, USA",,2070.0,AK,Name6012967,False,True,False,High
USA,Small,Utilities,Electric,"Dillingham, AK, USA",,2070.0,AK,Name6012968,True,True,False,Medium
USA,Small,Utilities,Electric,"Dillingham, AK, USA",,2070.0,AK,Name6012969,True,False,False,Low
USA,Small,Utilities,Electric,"Dillingham, AK, USA",,2070.0,AK,Name6012970,False,False,True,Medium
USA,Small,Utilities,Electric,"Dillingham, AK, USA",,2070.0,AK,Name6012971,True,True,False,Severe
USA,Small,Utilities,Electric,"Dillingham, AK, USA",,2070.0,AK,Name6012972,True,False,False,Medium
USA,Small,Utilities,Electric,"Dillingham, AK, USA",,2070.0,AK,Name6012973,True,False,False,Medium
USA,Small,Utilities,Water,"Dillingham, AK, USA",,2070.0,AK,Name6012976,True,True,False,Medium
USA,Small,Utilities,Water,"Dillingham, AK, USA",,2070.0,AK,Name6012977,False,True,True,Severe
USA,Small,Utilities,Water,"Dillingham, AK, USA",,2070.0,AK,Name6012978,True,True,False,Severe
USA,Small,Utilities,Water,"Dillingham, AK, USA",,2070.0,AK,Name6012979,True,True,False,Low
USA,Small,Utilities,Water,"Dillingham, AK, USA",,2070.0,AK,Name6012981,False,True,True,Low
USA,Small,Utilities,Water,"Dillingham, AK, USA",,2070.0,AK,Name6012982,True,False,False,High
USA,Small,Utilities,Water,"Dillingham, AK, USA",,2070.0,AK,Name6012983,False,False,True,Low
USA,Small,Utilities,Water,"Dillingham, AK, USA",,2070.0,AK,Name6012984,True,False,False,Severe
USA,Small,Utilities,Water,"Dillingham, AK, USA",,2070.0,AK,Name6012985,True,False,False,Medium
USA,Small,Utilities,Water,"Dillingham, AK, USA",,2070.0,AK,Name6012986,True,True,False,High
USA,Small,Utilities,Water,"Dillingham, AK, USA",,2070.0,AK,Name6012987,True,True,False,Medium
USA,Small,Utilities,Water,"Dillingham, AK, USA",,2070.0,AK,Name6012988,True,True,False,High
USA,Small,Utilities,Water,"Dillingham, AK, USA",,2070.0,AK,Name6012990,True,False,False,Severe
USA,Small,Utilities,Water,"Dillingham, AK, USA",,2070.0,AK,Name6012991,False,True,False,Severe
USA,Small,Utilities,Water,"Dillingham, AK, USA",,2070.0,AK,Name6012992,False,False,True,Low
USA,Small,Utilities,Water,"Dillingham, AK, USA",,2070.0,AK,Name6012993,True,True,False,High
USA,Small,Utilities,Water,"Dillingham, AK, USA",,2070.0,AK,Name6012994,False,True,True,High
USA,Small,Utilities,Water,"Dillingham, AK, USA",,2070.0,AK,Name6012995,False,False,True,High
USA,Small,Utilities,Water,"Dillingham, AK, USA",,2070.0,AK,Name6012996,True,True,False,High
USA,Small,Utilities,Water,"Dillingham, AK, USA",,2070.0,AK,Name6012997,True,False,False,High
USA,Small,Utilities,Water,"Dillingham, AK, USA",,2070.0,AK,Name6012998,True,True,False,High
USA,Small,Utilities,Water,"Dillingham, AK, USA",,2070.0,AK,Name6012999,True,True,False,Medium
USA,Small,Utilities,Water,"Dillingham, AK, USA",,2070.0,AK,Name6013000,False,True,False,Low
USA,Small,Utilities,Water,"Dillingham, AK, USA",,2070.0,AK,Name6013002,True,True,False,Low
USA,Small,Utilities,Water,"Dillingham, AK, USA",,2070.0,AK,Name6013003,True,True,False,Low
USA,Small,Utilities,Water,"Dillingham, AK, USA",,2070.0,AK,Name6013005,True,False,False,Low
USA,Small,Utilities,Water,"Dillingham, AK, USA",,2070.0,AK,Name6013006,False,True,False,Severe
USA,Small,Utilities,Water,"Dillingham, AK, USA",,2070.0,AK,Name6013007,False,False,True,Low
USA,Small,Utilities,Water,"Dillingham, AK, USA",,2070.0,AK,Name6013008,False,False,True,Medium
USA,Small,Utilities,Water,"Dillingham, AK, USA",,2070.0,AK,Name6013009,True,True,False,Severe
USA,Small,Utilities,Water,"Dillingham, AK, USA",,2070.0,AK,Name6013010,True,False,False,Low
USA,Small,Utilities,Water,"Dillingham, AK, USA",,2070.0,AK,Name6013011,False,True,True,Severe
USA,Small,Utilities,Water,"Dillingham, AK, USA",,2070.0,AK,Name6013012,False,False,True,Low
USA,Small,Utilities,Water,"Dillingham, AK, USA",,2070.0,AK,Name6013013,True,False,False,Medium
USA,Small,Utilities,Water,"Dillingham, AK, USA",,2070.0,AK,Name6013014,True,True,False,Low
USA,Small,Utilities,Water,"Dillingham, AK, USA",,2070.0,AK,Name6013015,True,False,False,High
USA,Small,Utilities,Water,"Dillingham, AK, USA",,2070.0,AK,Name6013016,True,False,False,Medium
USA,Small,Utilities,Gas,"Dillingham, AK, USA",,2070.0,AK,Name6013017,True,False,False,High
USA,Small,Utilities,Gas,"Dillingham, AK, USA",,2070.0,AK,Name6013018,True,False,False,High
USA,Small,Utilities,Gas,"Dillingham, AK, USA",,2070.0,AK,Name6013019,True,True,False,Low
USA,Small,Utilities,Gas,"Dillingham, AK, USA",,2070.0,AK,Name6013020,False,False,True,Low
USA,Small,Utilities,Gas,"Dillingham, AK, USA",,2070.0,AK,Name6013021,True,False,False,Severe
USA,Small,Utilities,Gas,"Dillingham, AK, USA",,2070.0,AK,Name6013022,True,False,False,Severe
USA,Small,Utilities,Gas,"Dillingham, AK, USA",,2070.0,AK,Name6013023,True,False,False,Medium
USA,Small,Utilities,Gas,"Dillingham, AK, USA",,2070.0,AK,Name6013024,False,True,True,Low
USA,Small,Utilities,Gas,"Dillingham, AK, USA",,2070.0,AK,Name6013026,False,False,True,High
USA,Small,Utilities,Gas,"Dillingham, AK, USA",,2070.0,AK,Name6013027,True,True,False,High
USA,Small,Utilities,Gas,"Dillingham, AK, USA",,2070.0,AK,Name6013028,False,False,True,Severe
USA,Small,Utilities,Gas,"Dillingham, AK, USA",,2070.0,AK,Name6013029,True,False,False,Low
USA,Small,Utilities,Gas,"Dillingham, AK, USA",,2070.0,AK,Name6013030,True,False,False,Severe
USA,Small,Utilities,Gas,"Dillingham, AK, USA",,2070.0,AK,Name6013031,False,True,True,Severe
USA,Small,Utilities,Gas,"Dillingham, AK, USA",,2070.0,AK,Name6013032,True,True,False,Medium
USA,Small,Utilities,Gas,"Dillingham, AK, USA",,2070.0,AK,Name6013033,True,False,False,Low
USA,Small,Utilities,Gas,"Dillingham, AK, USA",,2070.0,AK,Name6013035,True,False,False,Severe
USA,Small,Utilities,Gas,"Dillingham, AK, USA",,2070.0,AK,Name6013036,True,True,False,Low
USA,Small,Utilities,Gas,"Dillingham, AK, USA",,2070.0,AK,Name6013037,False,False,True,Severe
USA,Small,Utilities,Gas,"Dillingham, AK, USA",,2070.0,AK,Name6013038,True,False,False,Severe
USA,Small,Utilities,Gas,"Dillingham, AK, USA",,2070.0,AK,Name6013039,True,False,False,High
USA,Small,Utilities,Gas,"Dillingham, AK, USA",,2070.0,AK,Name6013040,False,False,True,Severe
USA,Small,Utilities,Gas,"Dillingham, AK, USA",,2070.0,AK,Name6013041,False,False,True,Medium
USA,Small,Real Estate,Residential,"Dillingham, AK, USA",,2070.0,AK,Name6013043,True,False,False,Medium
USA,Small,Real Estate,Residential,"Dillingham, AK, USA",,2070.0,AK,Name6013044,False,True,True,Low
USA,Small,Real Estate,Residential,"Dillingham, AK, USA",,2070.0,AK,Name6013046,True,True,False,Medium
USA,Small,Real Estate,Residential,"Dillingham, AK, USA",,2070.0,AK,Name6013047,False,True,True,Medium
USA,Small,Real Estate,Residential,"Dillingham, AK, USA",,2070.0,AK,Name6013050,False,True,False,High
USA,Small,Real Estate,Residential,"Dillingham, AK, USA",,2070.0,AK,Name6013051,True,False,False,Medium
USA,Small,Real Estate,Residential,"Dillingham, AK, USA",,2070.0,AK,Name6013052,True,False,False,Severe
USA,Small,Real Estate,Residential,"Dillingham, AK, USA",,2070.0,AK,Name6013053,True,True,False,Medium
USA,Small,Real Estate,Residential,"Dillingham, AK, USA",,2070.0,AK,Name6013054,True,True,False,High
USA,Small,Real Estate,Residential,"Dillingham, AK, USA",,2070.0,AK,Name6013055,True,False,False,Medium
USA,Small,Real Estate,Residential,"Dillingham, AK, USA",,2070.0,AK,Name6013056,False,True,True,Low
USA,Small,Real Estate,Residential,"Dillingham, AK, USA",,2070.0,AK,Name6013057,False,False,True,Severe
USA,Small,Real Estate,Residential,"Dillingham, AK, USA",,2070.0,AK,Name6013058,True,False,False,High
USA,Small,Real Estate,Residential,"Dillingham, AK, USA",,2070.0,AK,Name6013059,False,True,False,Low
USA,Small,Real Estate,Residential,"Dillingham, AK, USA",,2070.0,AK,Name6013060,False,False,True,High
USA,Small,Real Estate,Residential,"Dillingham, AK, USA",,2070.0,AK,Name6013061,True,False,False,Low
USA,Small,Real Estate,Residential,"Dillingham, AK, USA",,2070.0,AK,Name6013062,False,True,True,Medium
USA,Small,Real Estate,Residential,"Dillingham, AK, USA",,2070.0,AK,Name6013063,True,False,False,Medium
USA,Small,Real Estate,Residential,"Dillingham, AK, USA",,2070.0,AK,Name6013064,False,True,False,Medium
USA,Small,Real Estate,Residential,"Dillingham, AK, USA",,2070.0,AK,Name6013067,False,False,True,Low
USA,Small,Real Estate,Residential,"Dillingham, AK, USA",,2070.0,AK,Name6013068,True,False,False,Severe
USA,Small,Real Estate,Residential,"Dillingham, AK, USA",,2070.0,AK,Name6013069,False,True,True,Low
USA,Small,Real Estate,Commercial,"Dillingham, AK, USA",,2070.0,AK,Name6013070,True,True,False,Low
USA,Small,Real Estate,Commercial,"Dillingham, AK, USA",,2070.0,AK,Name6013072,True,True,False,Low
USA,Small,Real Estate,Commercial,"Dillingham, AK, USA",,2070.0,AK,Name6013073,True,True,False,Severe
USA,Small,Real Estate,Commercial,"Dillingham, AK, USA",,2070.0,AK,Name6013074,True,False,False,Severe
USA,Small,Real Estate,Commercial,"Dillingham, AK, USA",,2070.0,AK,Name6013075,False,True,True,Medium
USA,Small,Real Estate,Commercial,"Dillingham, AK, USA",,2070.0,AK,Name6013076,False,True,False,High
USA,Small,Real Estate,Commercial,"Dillingham, AK, USA",,2070.0,AK,Name6013077,False,True,True,High
USA,Small,Real Estate,Commercial,"Dillingham, AK, USA",,2070.0,AK,Name6013078,False,True,True,Medium
USA,Small,Real Estate,Commercial,"Dillingham, AK, USA",,2070.0,AK,Name6013079,True,False,False,High
USA,Small,Real Estate,Commercial,"Dillingham, AK, USA",,2070.0,AK,Name6013081,False,True,True,Medium
USA,Small,Real Estate,Commercial,"Dillingham, AK, USA",,2070.0,AK,Name6013082,True,False,False,High
USA,Small,Real Estate,Commercial,"Dillingham, AK, USA",,2070.0,AK,Name6013083,False,True,True,Medium
USA,Small,Real Estate,Commercial,"Dillingham, AK, USA",,2070.0,AK,Name6013084,True,False,False,High
USA,Small,Real Estate,Commercial,"Dillingham, AK, USA",,2070.0,AK,Name6013085,True,True,False,Low
USA,Small,Real Estate,Commercial,"Dillingham, AK, USA",,2070.0,AK,Name6013086,True,True,False,Severe
USA,Small,Real Estate,Commercial,"Dillingham, AK, USA",,2070.0,AK,Name6013087,True,True,False,Severe
USA,Small,Real Estate,Commercial,"Dillingham, AK, USA",,2070.0,AK,Name6013088,False,False,True,High
USA,Small,Real Estate,Industrial,"Dillingham, AK, USA",,2070.0,AK,Name6013090,False,False,True,Medium
USA,Small,Real Estate,Industrial,"Dillingham, AK, USA",,2070.0,AK,Name6013091,False,True,False,Low
USA,Small,Real Estate,Industrial,"Dillingham, AK, USA",,2070.0,AK,Name6013092,False,True,True,Medium
USA,Small,Real Estate,Industrial,"Dillingham, AK, USA",,2070.0,AK,Name6013093,False,True,False,High
USA,Small,Real Estate,Industrial,"Dillingham, AK, USA",,2070.0,AK,Name6013094,False,False,True,Medium
USA,Small,Real Estate,Industrial,"Dillingham, AK, USA",,2070.0,AK,Name6013095,False,True,True,Severe
USA,Small,Real Estate,Industrial,"Dillingham, AK, USA",,2070.0,AK,Name6013098,True,True,False,Low
USA,Small,Real Estate,Industrial,"Dillingham, AK, USA",,2070.0,AK,Name6013100,False,True,False,Low
USA,Small,Real Estate,Industrial,"Dillingham, AK, USA",,2070.0,AK,Name6013101,True,True,False,Low
USA,Small,Real Estate,Industrial,"Dillingham, AK, USA",,2070.0,AK,Name6013102,False,True,False,Severe
USA,Small,Real Estate,Industrial,"Dillingham, AK, USA",,2070.0,AK,Name6013103,False,True,True,High
USA,Small,Real Estate,Industrial,"Dillingham, AK, USA",,2070.0,AK,Name6013105,False,True,False,High
USA,Small,Real Estate,Industrial,"Dillingham, AK, USA",,2070.0,AK,Name6013106,False,True,False,Severe
USA,Small,Real Estate,Industrial,"Dillingham, AK, USA",,2070.0,AK,Name6013107,False,True,False,High
USA,Small,Real Estate,Industrial,"Dillingham, AK, USA",,2070.0,AK,Name6013108,False,False,True,Low
USA,Small,Real Estate,Industrial,"Dillingham, AK, USA",,2070.0,AK,Name6013109,False,True,True,Low
USA,Small,Real Estate,Industrial,"Dillingham, AK, USA",,2070.0,AK,Name6013110,True,False,False,Severe
USA,Small,Real Estate,Industrial,"Dillingham, AK, USA",,2070.0,AK,Name6013112,True,True,False,Low
USA,Small,Real Estate,Industrial,"Dillingham, AK, USA",,2070.0,AK,Name6013113,True,True,False,Low
USA,Small,Real Estate,Industrial,"Dillingham, AK, USA",,2070.0,AK,Name6013114,False,True,True,Severe
USA,Small,Real Estate,Industrial,"Dillingham, AK, USA",,2070.0,AK,Name6013115,False,True,False,Medium
USA,Small,Telecommunications,Mobile,"Dillingham, AK, USA",,2070.0,AK,Name6013116,True,True,False,Low
USA,Small,Telecommunications,Mobile,"Dillingham, AK, USA",,2070.0,AK,Name6013117,False,True,True,Low
USA,Small,Telecommunications,Mobile,"Dillingham, AK, USA",,2070.0,AK,Name6013118,True,False,False,Medium
USA,Small,Telecommunications,Mobile,"Dillingham, AK, USA",,2070.0,AK,Name6013119,True,True,False,High
USA,Small,Telecommunications,Mobile,"Dillingham, AK, USA",,2070.0,AK,Name6013120,True,False,False,High
USA,Small,Telecommunications,Mobile,"Dillingham, AK, USA",,2070.0,AK,Name6013121,False,False,True,Medium
USA,Small,Telecommunications,Mobile,"Dillingham, AK, USA",,2070.0,AK,Name6013122,False,True,True,Severe
USA,Small,Telecommunications,Mobile,"Dillingham, AK, USA",,2070.0,AK,Name6013124,True,True,False,Low
USA,Small,Telecommunications,Mobile,"Dillingham, AK, USA",,2070.0,AK,Name6013126,True,False,False,Low
USA,Small,Telecommunications,Mobile,"Dillingham, AK, USA",,2070.0,AK,Name6013127,True,False,False,Medium
USA,Small,Telecommunications,Mobile,"Dillingham, AK, USA",,2070.0,AK,Name6013128,True,True,False,Severe
USA,Small,Telecommunications,Mobile,"Dillingham, AK, USA",,2070.0,AK,Name6013129,True,False,False,Low
USA,Small,Telecommunications,Mobile,"Dillingham, AK, USA",,2070.0,AK,Name6013130,True,True,False,Severe
USA,Small,Telecommunications,Mobile,"Dillingham, AK, USA",,2070.0,AK,Name6013131,True,False,False,Low
USA,Small,Telecommunications,Mobile,"Dillingham, AK, USA",,2070.0,AK,Name6013132,False,True,False,Low
USA,Small,Telecommunications,Mobile,"Dillingham, AK, USA",,2070.0,AK,Name6013133,True,True,False,Medium
USA,Small,Telecommunications,Mobile,"Dillingham, AK, USA",,2070.0,AK,Name6013134,True,True,False,Severe
USA,Small,Telecommunications,Broadband,"Dillingham, AK, USA",,2070.0,AK,Name6013137,True,True,False,Low
USA,Small,Telecommunications,Broadband,"Dillingham, AK, USA",,2070.0,AK,Name6013138,False,True,False,Medium
USA,Small,Telecommunications,Broadband,"Dillingham, AK, USA",,2070.0,AK,Name6013139,False,False,True,Severe
USA,Small,Telecommunications,Broadband,"Dillingham, AK, USA",,2070.0,AK,Name6013140,True,True,False,Low
USA,Small,Telecommunications,Broadband,"Dillingham, AK, USA",,2070.0,AK,Name6013141,False,True,False,Medium
USA,Small,Telecommunications,Broadband,"Dillingham, AK, USA",,2070.0,AK,Name6013142,True,True,False,Severe
USA,Small,Telecommunications,Broadband,"Dillingham, AK, USA",,2070.0,AK,Name6013143,True,True,False,Medium
USA,Small,Telecommunications,Broadband,"Dillingham, AK, USA",,2070.0,AK,Name6013144,True,True,False,Severe
USA,Small,Telecommunications,Broadband,"Dillingham, AK, USA",,2070.0,AK,Name6013145,True,False,False,High
USA,Small,Telecommunications,Broadband,"Dillingham, AK, USA",,2070.0,AK,Name6013146,True,True,False,Low
USA,Small,Telecommunications,Broadband,"Dillingham, AK, USA",,2070.0,AK,Name6013147,True,False,False,Low
USA,Small,Telecommunications,Broadband,"Dillingham, AK, USA",,2070.0,AK,Name6013148,True,True,False,Low
USA,Small,Telecommunications,Broadband,"Dillingham, AK, USA",,2070.0,AK,Name6013149,True,True,False,High
USA,Small,Telecommunications,Broadband,"Dillingham, AK, USA",,2070.0,AK,Name6013150,False,True,True,Low
USA,Small,Telecommunications,Broadband,"Dillingham, AK, USA",,2070.0,AK,Name6013151,True,True,False,High
USA,Small,Telecommunications,Broadband,"Dillingham, AK, USA",,2070.0,AK,Name6013152,True,True,False,Severe
USA,Small,Telecommunications,Broadband,"Dillingham, AK, USA",,2070.0,AK,Name6013153,False,True,False,Low
USA,Small,Telecommunications,Broadband,"Dillingham, AK, USA",,2070.0,AK,Name6013154,True,True,False,High
USA,Small,Telecommunications,Broadband,"Dillingham, AK, USA",,2070.0,AK,Name6013155,False,True,True,Low
USA,Small,Telecommunications,Broadband,"Dillingham, AK, USA",,2070.0,AK,Name6013156,False,True,True,Severe
USA,Small,Telecommunications,Broadband,"Dillingham, AK, USA",,2070.0,AK,Name6013157,True,False,False,Severe
USA,Small,Telecommunications,Broadband,"Dillingham, AK, USA",,2070.0,AK,Name6013158,True,True,False,Medium
USA,Small,Telecommunications,Broadband,"Dillingham, AK, USA",,2070.0,AK,Name6013159,False,True,True,High
USA,Small,Telecommunications,Broadband,"Dillingham, AK, USA",,2070.0,AK,Name6013160,False,True,False,Severe
USA,Small,Telecommunications,Broadband,"Dillingham, AK, USA",,2070.0,AK,Name6013161,True,True,False,High
USA,Small,Telecommunications,Broadband,"Dillingham, AK, USA",,2070.0,AK,Name6013163,True,True,False,High
USA,Small,Telecommunications,Broadband,"Dillingham, AK, USA",,2070.0,AK,Name6013164,False,True,True,Severe
USA,Small,Telecommunications,Broadband,"Dillingham, AK, USA",,2070.0,AK,Name6013165,True,True,False,Low
USA,Small,Telecommunications,Satellite,"Dillingham, AK, USA",,2070.0,AK,Name6013168,True,True,False,Low
USA,Small,Telecommunications,Satellite,"Dillingham, AK, USA",,2070.0,AK,Name6013169,True,True,False,Medium
USA,Small,Telecommunications,Satellite,"Dillingham, AK, USA",,2070.0,AK,Name6013170,True,True,False,Low
USA,Small,Telecommunications,Satellite,"Dillingham, AK, USA",,2070.0,AK,Name6013171,True,False,False,High
USA,Small,Telecommunications,Satellite,"Dillingham, AK, USA",,2070.0,AK,Name6013172,False,True,False,Medium
USA,Small,Telecommunications,Satellite,"Dillingham, AK, USA",,2070.0,AK,Name6013173,True,False,False,High
USA,Small,Telecommunications,Satellite,"Dillingham, AK, USA",,2070.0,AK,Name6013174,False,False,True,Low
USA,Small,Telecommunications,Satellite,"Dillingham, AK, USA",,2070.0,AK,Name6013176,False,True,False,Low
USA,Small,Telecommunications,Satellite,"Dillingham, AK, USA",,2070.0,AK,Name6013177,False,True,False,Severe
USA,Small,Telecommunications,Satellite,"Dillingham, AK, USA",,2070.0,AK,Name6013178,False,True,True,Severe
USA,Small,Telecommunications,Satellite,"Dillingham, AK, USA",,2070.0,AK,Name6013179,False,True,True,High
USA,Small,Telecommunications,Satellite,"Dillingham, AK, USA",,2070.0,AK,Name6013180,False,True,True,High
USA,Small,Telecommunications,Satellite,"Dillingham, AK, USA",,2070.0,AK,Name6013181,True,False,False,High
USA,Small,Telecommunications,Satellite,"Dillingham, AK, USA",,2070.0,AK,Name6013183,True,True,False,Low
USA,Small,Telecommunications,Satellite,"Dillingham, AK, USA",,2070.0,AK,Name6013184,True,False,False,Medium
USA,Small,Telecommunications,Satellite,"Dillingham, AK, USA",,2070.0,AK,Name6013185,True,False,False,Medium
USA,Small,Telecommunications,Satellite,"Dillingham, AK, USA",,2070.0,AK,Name6013186,False,False,True,Low
USA,Small,Telecommunications,Satellite,"Dillingham, AK, USA",,2070.0,AK,Name6013187,True,False,False,Medium
USA,Small,Telecommunications,Satellite,"Dillingham, AK, USA",,2070.0,AK,Name6013188,True,False,False,Severe
USA,Small,Materials,Chemicals,"Dillingham, AK, USA",,2070.0,AK,Name6013190,False,False,True,High
USA,Small,Materials,Chemicals,"Dillingham, AK, USA",,2070.0,AK,Name6013191,True,False,False,High
USA,Small,Materials,Chemicals,"Dillingham, AK, USA",,2070.0,AK,Name6013192,True,True,False,Medium
USA,Small,Materials,Chemicals,"Dillingham, AK, USA",,2070.0,AK,Name6013193,True,True,False,Severe
USA,Small,Materials,Chemicals,"Dillingham, AK, USA",,2070.0,AK,Name6013194,True,False,False,Severe
USA,Small,Materials,Chemicals,"Dillingham, AK, USA",,2070.0,AK,Name6013195,False,False,True,Medium
USA,Small,Materials,Chemicals,"Dillingham, AK, USA",,2070.0,AK,Name6013197,False,True,False,Low
USA,Small,Materials,Chemicals,"Dillingham, AK, USA",,2070.0,AK,Name6013198,False,True,True,Medium
USA,Small,Materials,Chemicals,"Dillingham, AK, USA",,2070.0,AK,Name6013200,True,True,False,High
USA,Small,Materials,Chemicals,"Dillingham, AK, USA",,2070.0,AK,Name6013201,True,False,False,High
USA,Small,Materials,Chemicals,"Dillingham, AK, USA",,2070.0,AK,Name6013203,True,False,False,Medium
USA,Small,Materials,Chemicals,"Dillingham, AK, USA",,2070.0,AK,Name6013204,True,False,False,Severe
USA,Small,Materials,Chemicals,"Dillingham, AK, USA",,2070.0,AK,Name6013206,False,True,False,Low
USA,Small,Materials,Chemicals,"Dillingham, AK, USA",,2070.0,AK,Name6013208,False,True,True,High
USA,Small,Materials,Chemicals,"Dillingham, AK, USA",,2070.0,AK,Name6013209,False,True,True,High
USA,Small,Materials,Chemicals,"Dillingham, AK, USA",,2070.0,AK,Name6013210,True,True,False,Severe
USA,Small,Materials,Chemicals,"Dillingham, AK, USA",,2070.0,AK,Name6013211,False,True,False,High
USA,Small,Materials,Chemicals,"Dillingham, AK, USA",,2070.0,AK,Name6013212,True,False,False,Medium
USA,Small,Materials,Chemicals,"Dillingham, AK, USA",,2070.0,AK,Name6013213,False,False,True,Severe
USA,Small,Materials,Chemicals,"Dillingham, AK, USA",,2070.0,AK,Name6013214,False,True,True,Severe
USA,Small,Materials,Chemicals,"Dillingham, AK, USA",,2070.0,AK,Name6013215,False,True,False,Medium
USA,Small,Materials,Chemicals,"Dillingham, AK, USA",,2070.0,AK,Name6013216,True,True,False,Medium
USA,Small,Materials,Chemicals,"Dillingham, AK, USA",,2070.0,AK,Name6013217,False,True,True,Low
USA,Small,Materials,Chemicals,"Dillingham, AK, USA",,2070.0,AK,Name6013218,False,False,True,High
USA,Small,Materials,Chemicals,"Dillingham, AK, USA",,2070.0,AK,Name6013220,False,True,True,Medium
USA,Small,Materials,Chemicals,"Dillingham, AK, USA",,2070.0,AK,Name6013221,True,True,False,Medium
USA,Small,Materials,Metals & Mining,"Dillingham, AK, USA",,2070.0,AK,Name6013224,False,True,False,High
USA,Small,Materials,Metals & Mining,"Dillingham, AK, USA",,2070.0,AK,Name6013225,True,True,False,Medium
USA,Small,Materials,Metals & Mining,"Dillingham, AK, USA",,2070.0,AK,Name6013226,True,False,False,High
USA,Small,Materials,Metals & Mining,"Dillingham, AK, USA",,2070.0,AK,Name6013227,True,False,False,High
USA,Small,Materials,Metals & Mining,"Dillingham, AK, USA",,2070.0,AK,Name6013229,False,True,False,Severe
USA,Small,Materials,Metals & Mining,"Dillingham, AK, USA",,2070.0,AK,Name6013230,False,False,True,Low
USA,Small,Materials,Metals & Mining,"Dillingham, AK, USA",,2070.0,AK,Name6013231,False,False,True,High
USA,Small,Materials,Metals & Mining,"Dillingham, AK, USA",,2070.0,AK,Name6013232,False,True,True,Low
USA,Small,Materials,Metals & Mining,"Dillingham, AK, USA",,2070.0,AK,Name6013234,True,True,False,High
USA,Small,Materials,Metals & Mining,"Dillingham, AK, USA",,2070.0,AK,Name6013235,False,True,False,High
USA,Small,Materials,Metals & Mining,"Dillingham, AK, USA",,2070.0,AK,Name6013236,True,True,False,Severe
USA,Small,Materials,Metals & Mining,"Dillingham, AK, USA",,2070.0,AK,Name6013237,False,True,False,Low
USA,Small,Materials,Metals & Mining,"Dillingham, AK, USA",,2070.0,AK,Name6013238,False,False,True,High
USA,Small,Materials,Metals & Mining,"Dillingham, AK, USA",,2070.0,AK,Name6013239,True,False,False,High
USA,Small,Materials,Metals & Mining,"Dillingham, AK, USA",,2070.0,AK,Name6013240,True,False,False,Medium
USA,Small,Materials,Metals & Mining,"Dillingham, AK, USA",,2070.0,AK,Name6013241,False,True,False,Severe
USA,Small,Materials,Metals & Mining,"Dillingham, AK, USA",,2070.0,AK,Name6013242,True,True,False,Medium
USA,Small,Materials,Metals & Mining,"Dillingham, AK, USA",,2070.0,AK,Name6013243,False,True,True,Medium
USA,Small,Materials,Metals & Mining,"Dillingham, AK, USA",,2070.0,AK,Name6013244,False,False,True,High
USA,Small,Materials,Metals & Mining,"Dillingham, AK, USA",,2070.0,AK,Name6013245,False,True,False,Medium
USA,Small,Materials,Metals & Mining,"Dillingham, AK, USA",,2070.0,AK,Name6013246,True,True,False,Severe
USA,Small,Materials,Metals & Mining,"Dillingham, AK, USA",,2070.0,AK,Name6013247,False,True,False,Low
USA,Small,Materials,Metals & Mining,"Dillingham, AK, USA",,2070.0,AK,Name6013248,True,True,False,Medium
USA,Small,Materials,Metals & Mining,"Dillingham, AK, USA",,2070.0,AK,Name6013249,True,True,False,High
USA,Small,Materials,Metals & Mining,"Dillingham, AK, USA",,2070.0,AK,Name6013250,True,True,False,Low
USA,Small,Materials,Metals & Mining,"Dillingham, AK, USA",,2070.0,AK,Name6013251,True,False,False,Severe
USA,Small,Materials,Metals & Mining,"Dillingham, AK, USA",,2070.0,AK,Name6013252,False,True,True,Medium
USA,Small,Materials,Metals & Mining,"Dillingham, AK, USA",,2070.0,AK,Name6013253,False,True,False,High
USA,Small,Materials,Metals & Mining,"Dillingham, AK, USA",,2070.0,AK,Name6013255,False,False,True,Severe
USA,Small,Materials,Metals & Mining,"Dillingham, AK, USA",,2070.0,AK,Name6013256,True,False,False,Medium
USA,Small,Materials,Construction Materials,"Dillingham, AK, USA",,2070.0,AK,Name6013259,True,False,False,Medium
USA,Small,Materials,Construction Materials,"Dillingham, AK, USA",,2070.0,AK,Name6013260,True,False,False,High
USA,Small,Materials,Construction Materials,"Dillingham, AK, USA",,2070.0,AK,Name6013261,True,True,False,High
USA,Small,Materials,Construction Materials,"Dillingham, AK, USA",,2070.0,AK,Name6013262,False,True,True,High
USA,Small,Materials,Construction Materials,"Dillingham, AK, USA",,2070.0,AK,Name6013264,True,False,False,Medium
USA,Small,Materials,Construction Materials,"Dillingham, AK, USA",,2070.0,AK,Name6013265,True,True,False,Severe
USA,Small,Materials,Construction Materials,"Dillingham, AK, USA",,2070.0,AK,Name6013266,True,True,False,Low
USA,Small,Materials,Construction Materials,"Dillingham, AK, USA",,2070.0,AK,Name6013267,True,False,False,Low
USA,Small,Materials,Construction Materials,"Dillingham, AK, USA",,2070.0,AK,Name6013268,True,False,False,Low
USA,Small,Materials,Construction Materials,"Dillingham, AK, USA",,2070.0,AK,Name6013269,False,False,True,High
USA,Small,Materials,Construction Materials,"Dillingham, AK, USA",,2070.0,AK,Name6013270,True,True,False,Severe
USA,Small,Materials,Construction Materials,"Dillingham, AK, USA",,2070.0,AK,Name6013271,False,True,True,Low
USA,Small,Materials,Construction Materials,"Dillingham, AK, USA",,2070.0,AK,Name6013272,False,True,True,Medium
USA,Small,Materials,Construction Materials,"Dillingham, AK, USA",,2070.0,AK,Name6013274,True,True,False,Medium
USA,Small,Materials,Construction Materials,"Dillingham, AK, USA",,2070.0,AK,Name6013275,True,True,False,High
USA,Small,Industrials,Aerospace & Defense,"Dillingham, AK, USA",,2070.0,AK,Name6013276,False,True,False,High
USA,Small,Industrials,Aerospace & Defense,"Dillingham, AK, USA",,2070.0,AK,Name6013277,True,False,False,High
USA,Small,Industrials,Aerospace & Defense,"Dillingham, AK, USA",,2070.0,AK,Name6013278,True,True,False,Medium
USA,Small,Industrials,Aerospace & Defense,"Dillingham, AK, USA",,2070.0,AK,Name6013279,False,True,False,High
USA,Small,Industrials,Aerospace & Defense,"Dillingham, AK, USA",,2070.0,AK,Name6013281,True,False,False,Low
USA,Small,Industrials,Aerospace & Defense,"Dillingham, AK, USA",,2070.0,AK,Name6013282,True,False,False,Low
USA,Small,Industrials,Aerospace & Defense,"Dillingham, AK, USA",,2070.0,AK,Name6013283,True,False,False,Low
USA,Small,Industrials,Aerospace & Defense,"Dillingham, AK, USA",,2070.0,AK,Name6013284,True,True,False,Low
USA,Small,Industrials,Aerospace & Defense,"Dillingham, AK, USA",,2070.0,AK,Name6013285,False,False,True,Medium
USA,Small,Industrials,Aerospace & Defense,"Dillingham, AK, USA",,2070.0,AK,Name6013286,True,True,False,High
USA,Small,Industrials,Aerospace & Defense,"Dillingham, AK, USA",,2070.0,AK,Name6013287,True,False,False,High
USA,Small,Industrials,Aerospace & Defense,"Dillingham, AK, USA",,2070.0,AK,Name6013288,False,False,True,Low
USA,Small,Industrials,Aerospace & Defense,"Dillingham, AK, USA",,2070.0,AK,Name6013289,True,True,False,Low
USA,Small,Industrials,Aerospace & Defense,"Dillingham, AK, USA",,2070.0,AK,Name6013290,True,False,False,Low
USA,Small,Industrials,Aerospace & Defense,"Dillingham, AK, USA",,2070.0,AK,Name6013291,True,False,False,High
USA,Small,Industrials,Aerospace & Defense,"Dillingham, AK, USA",,2070.0,AK,Name6013292,False,True,True,Low
USA,Small,Industrials,Aerospace & Defense,"Dillingham, AK, USA",,2070.0,AK,Name6013293,True,True,False,Low
USA,Small,Industrials,Aerospace & Defense,"Dillingham, AK, USA",,2070.0,AK,Name6013294,False,True,True,Medium
USA,Small,Industrials,Aerospace & Defense,"Dillingham, AK, USA",,2070.0,AK,Name6013295,True,False,False,High
USA,Small,Industrials,Aerospace & Defense,"Dillingham, AK, USA",,2070.0,AK,Name6013296,False,True,False,High
USA,Small,Industrials,Aerospace & Defense,"Dillingham, AK, USA",,2070.0,AK,Name6013297,True,False,False,Severe
USA,Small,Industrials,Aerospace & Defense,"Dillingham, AK, USA",,2070.0,AK,Name6013298,True,True,False,Medium
USA,Small,Industrials,Aerospace & Defense,"Dillingham, AK, USA",,2070.0,AK,Name6013299,True,True,False,High
USA,Small,Industrials,Aerospace & Defense,"Dillingham, AK, USA",,2070.0,AK,Name6013300,True,True,False,Severe
USA,Small,Industrials,Machinery,"Dillingham, AK, USA",,2070.0,AK,Name6013302,False,False,True,Medium
USA,Small,Industrials,Machinery,"Dillingham, AK, USA",,2070.0,AK,Name6013303,True,True,False,High
USA,Small,Industrials,Machinery,"Dillingham, AK, USA",,2070.0,AK,Name6013304,False,True,True,High
USA,Small,Industrials,Machinery,"Dillingham, AK, USA",,2070.0,AK,Name6013305,True,True,False,Severe
USA,Small,Industrials,Machinery,"Dillingham, AK, USA",,2070.0,AK,Name6013306,True,True,False,Low
USA,Small,Industrials,Machinery,"Dillingham, AK, USA",,2070.0,AK,Name6013307,True,True,False,Medium
USA,Small,Industrials,Machinery,"Dillingham, AK, USA",,2070.0,AK,Name6013309,True,False,False,High
USA,Small,Industrials,Machinery,"Dillingham, AK, USA",,2070.0,AK,Name6013310,True,False,False,Severe
USA,Small,Industrials,Machinery,"Dillingham, AK, USA",,2070.0,AK,Name6013311,True,True,False,Medium
USA,Small,Industrials,Machinery,"Dillingham, AK, USA",,2070.0,AK,Name6013312,False,True,False,Medium
USA,Small,Industrials,Machinery,"Dillingham, AK, USA",,2070.0,AK,Name6013313,True,False,False,Severe
USA,Small,Industrials,Machinery,"Dillingham, AK, USA",,2070.0,AK,Name6013314,False,True,False,Medium
USA,Small,Industrials,Machinery,"Dillingham, AK, USA",,2070.0,AK,Name6013315,True,False,False,Low
USA,Small,Industrials,Industrial Services,"Dillingham, AK, USA",,2070.0,AK,Name6013316,True,False,False,Low
USA,Small,Industrials,Industrial Services,"Dillingham, AK, USA",,2070.0,AK,Name6013317,True,False,False,High
USA,Small,Industrials,Industrial Services,"Dillingham, AK, USA",,2070.0,AK,Name6013318,True,False,False,High
USA,Small,Industrials,Industrial Services,"Dillingham, AK, USA",,2070.0,AK,Name6013319,True,True,False,Low
USA,Small,Industrials,Industrial Services,"Dillingham, AK, USA",,2070.0,AK,Name6013320,True,False,False,Low
USA,Small,Industrials,Industrial Services,"Dillingham, AK, USA",,2070.0,AK,Name6013321,True,False,False,Low
USA,Small,Industrials,Industrial Services,"Dillingham, AK, USA",,2070.0,AK,Name6013322,True,True,False,High
USA,Small,Industrials,Industrial Services,"Dillingham, AK, USA",,2070.0,AK,Name6013323,True,True,False,Low
USA,Small,Industrials,Industrial Services,"Dillingham, AK, USA",,2070.0,AK,Name6013325,True,False,False,High
USA,Small,Industrials,Industrial Services,"Dillingham, AK, USA",,2070.0,AK,Name6013326,False,False,True,High
USA,Small,Industrials,Industrial Services,"Dillingham, AK, USA",,2070.0,AK,Name6013327,True,True,False,Low
USA,Small,Industrials,Industrial Services,"Dillingham, AK, USA",,2070.0,AK,Name6013328,False,False,True,Medium
USA,Small,Consumer Services,Retail,"Dillingham, AK, USA",,2070.0,AK,Name6013330,True,True,False,Low
USA,Small,Consumer Services,Retail,"Dillingham, AK, USA",,2070.0,AK,Name6013331,True,True,False,Low
USA,Small,Consumer Services,Retail,"Dillingham, AK, USA",,2070.0,AK,Name6013332,False,True,False,High
USA,Small,Consumer Services,Retail,"Dillingham, AK, USA",,2070.0,AK,Name6013333,True,True,False,Severe
USA,Small,Consumer Services,Retail,"Dillingham, AK, USA",,2070.0,AK,Name6013334,False,False,True,Severe
USA,Small,Consumer Services,Retail,"Dillingham, AK, USA",,2070.0,AK,Name6013335,False,True,True,Medium
USA,Small,Consumer Services,Retail,"Dillingham, AK, USA",,2070.0,AK,Name6013336,False,True,False,High
USA,Small,Consumer Services,Retail,"Dillingham, AK, USA",,2070.0,AK,Name6013337,True,True,False,Low
USA,Small,Consumer Services,Retail,"Dillingham, AK, USA",,2070.0,AK,Name6013338,False,True,False,Low
USA,Small,Consumer Services,Retail,"Dillingham, AK, USA",,2070.0,AK,Name6013339,True,True,False,Medium
USA,Small,Consumer Services,Retail,"Dillingham, AK, USA",,2070.0,AK,Name6013340,False,True,True,Medium
USA,Small,Consumer Services,Retail,"Dillingham, AK, USA",,2070.0,AK,Name6013341,True,False,False,Low
USA,Small,Consumer Services,Retail,"Dillingham, AK, USA",,2070.0,AK,Name6013342,True,False,False,Severe
USA,Small,Consumer Services,Retail,"Dillingham, AK, USA",,2070.0,AK,Name6013343,True,True,False,Severe
USA,Small,Consumer Services,Retail,"Dillingham, AK, USA",,2070.0,AK,Name6013345,False,True,False,Severe
USA,Small,Consumer Services,Retail,"Dillingham, AK, USA",,2070.0,AK,Name6013346,False,True,True,Medium
USA,Small,Consumer Services,Retail,"Dillingham, AK, USA",,2070.0,AK,Name6013347,False,True,False,Low
USA,Small,Consumer Services,Retail,"Dillingham, AK, USA",,2070.0,AK,Name6013348,True,False,False,Medium
USA,Small,Consumer Services,Retail,"Dillingham, AK, USA",,2070.0,AK,Name6013349,True,False,False,High
USA,Small,Consumer Services,Retail,"Dillingham, AK, USA",,2070.0,AK,Name6013350,True,True,False,Severe
USA,Small,Consumer Services,Retail,"Dillingham, AK, USA",,2070.0,AK,Name6013351,True,True,False,Low
USA,Small,Consumer Services,Retail,"Dillingham, AK, USA",,2070.0,AK,Name6013352,True,True,False,High
USA,Small,Consumer Services,Retail,"Dillingham, AK, USA",,2070.0,AK,Name6013354,True,False,False,High
USA,Small,Consumer Services,Retail,"Dillingham, AK, USA",,2070.0,AK,Name6013355,False,False,True,Low
USA,Small,Consumer Services,Retail,"Dillingham, AK, USA",,2070.0,AK,Name6013356,False,True,False,Severe
USA,Small,Consumer Services,Retail,"Dillingham, AK, USA",,2070.0,AK,Name6013357,True,False,False,High
USA,Small,Consumer Services,Retail,"Dillingham, AK, USA",,2070.0,AK,Name6013358,True,False,False,Severe
USA,Small,Consumer Services,Retail,"Dillingham, AK, USA",,2070.0,AK,Name6013359,True,True,False,Severe
USA,Small,Consumer Services,Retail,"Dillingham, AK, USA",,2070.0,AK,Name6013360,False,False,True,High
USA,Small,Consumer Services,Retail,"Dillingham, AK, USA",,2070.0,AK,Name6013361,False,True,True,Severe
USA,Small,Consumer Services,Travel & Leisure,"Dillingham, AK, USA",,2070.0,AK,Name6013362,True,True,False,Severe
USA,Small,Consumer Services,Travel & Leisure,"Dillingham, AK, USA",,2070.0,AK,Name6013363,True,True,False,Low
USA,Small,Consumer Services,Travel & Leisure,"Dillingham, AK, USA",,2070.0,AK,Name6013364,True,True,False,Severe
USA,Small,Consumer Services,Travel & Leisure,"Dillingham, AK, USA",,2070.0,AK,Name6013365,False,False,True,High
USA,Small,Consumer Services,Travel & Leisure,"Dillingham, AK, USA",,2070.0,AK,Name6013366,True,False,False,Medium
USA,Small,Consumer Services,Travel & Leisure,"Dillingham, AK, USA",,2070.0,AK,Name6013367,False,False,True,Low
USA,Small,Consumer Services,Travel & Leisure,"Dillingham, AK, USA",,2070.0,AK,Name6013368,True,True,False,High
USA,Small,Consumer Services,Travel & Leisure,"Dillingham, AK, USA",,2070.0,AK,Name6013369,False,True,True,Low
USA,Small,Consumer Services,Travel & Leisure,"Dillingham, AK, USA",,2070.0,AK,Name6013370,True,False,False,High
USA,Small,Consumer Services,Travel & Leisure,"Dillingham, AK, USA",,2070.0,AK,Name6013371,True,False,False,Medium
USA,Small,Consumer Services,Travel & Leisure,"Dillingham, AK, USA",,2070.0,AK,Name6013373,True,True,False,Medium
USA,Small,Consumer Services,Travel & Leisure,"Dillingham, AK, USA",,2070.0,AK,Name6013375,True,False,False,Low
USA,Small,Consumer Services,Travel & Leisure,"Dillingham, AK, USA",,2070.0,AK,Name6013376,False,False,True,High
USA,Small,Consumer Services,Travel & Leisure,"Dillingham, AK, USA",,2070.0,AK,Name6013377,False,True,True,Severe
USA,Small,Consumer Services,Travel & Leisure,"Dillingham, AK, USA",,2070.0,AK,Name6013378,True,True,False,High
USA,Small,Consumer Services,Travel & Leisure,"Dillingham, AK, USA",,2070.0,AK,Name6013379,True,False,False,Medium
USA,Small,Consumer Services,Travel & Leisure,"Dillingham, AK, USA",,2070.0,AK,Name6013380,False,False,True,Low
USA,Small,Consumer Services,Travel & Leisure,"Dillingham, AK, USA",,2070.0,AK,Name6013381,False,True,True,Low
USA,Small,Consumer Services,Travel & Leisure,"Dillingham, AK, USA",,2070.0,AK,Name6013382,True,False,False,Severe
USA,Small,Consumer Services,Travel & Leisure,"Dillingham, AK, USA",,2070.0,AK,Name6013384,True,False,False,Low
USA,Small,Consumer Services,Travel & Leisure,"Dillingham, AK, USA",,2070.0,AK,Name6013385,True,False,False,Medium
USA,Small,Consumer Services,Travel & Leisure,"Dillingham, AK, USA",,2070.0,AK,Name6013386,True,True,False,Severe
USA,Small,Consumer Services,Travel & Leisure,"Dillingham, AK, USA",,2070.0,AK,Name6013387,True,True,False,High
USA,Small,Consumer Services,Travel & Leisure,"Dillingham, AK, USA",,2070.0,AK,Name6013388,True,False,False,Severe
USA,Small,Consumer Services,Travel & Leisure,"Dillingham, AK, USA",,2070.0,AK,Name6013389,True,True,False,Medium
USA,Small,Consumer Services,Travel & Leisure,"Dillingham, AK, USA",,2070.0,AK,Name6013391,False,True,True,Medium
USA,Small,Consumer Services,Media,"Dillingham, AK, USA",,2070.0,AK,Name6013394,True,True,False,Severe
USA,Small,Consumer Services,Media,"Dillingham, AK, USA",,2070.0,AK,Name6013397,True,True,False,Severe
USA,Small,Consumer Services,Media,"Dillingham, AK, USA",,2070.0,AK,Name6013398,True,True,False,Low
USA,Small,Consumer Services,Media,"Dillingham, AK, USA",,2070.0,AK,Name6013399,False,False,True,Severe
USA,Small,Consumer Services,Media,"Dillingham, AK, USA",,2070.0,AK,Name6013401,True,False,False,Severe
USA,Small,Consumer Services,Media,"Dillingham, AK, USA",,2070.0,AK,Name6013402,False,True,True,Low
USA,Small,Consumer Services,Media,"Dillingham, AK, USA",,2070.0,AK,Name6013403,False,True,True,High
USA,Small,Consumer Services,Media,"Dillingham, AK, USA",,2070.0,AK,Name6013404,True,True,False,High
USA,Small,Consumer Services,Media,"Dillingham, AK, USA",,2070.0,AK,Name6013405,False,True,True,High
USA,Small,Consumer Services,Media,"Dillingham, AK, USA",,2070.0,AK,Name6013406,False,True,False,High
USA,Small,Consumer Services,Media,"Dillingham, AK, USA",,2070.0,AK,Name6013407,True,True,False,Severe
USA,Small,Consumer Services,Media,"Dillingham, AK, USA",,2070.0,AK,Name6013408,True,False,False,Severe
USA,Small,Consumer Services,Media,"Dillingham, AK, USA",,2070.0,AK,Name6013409,True,False,False,Low
USA,Small,Consumer Services,Media,"Dillingham, AK, USA",,2070.0,AK,Name6013410,True,False,False,Severe
USA,Small,Consumer Services,Media,"Dillingham, AK, USA",,2070.0,AK,Name6013411,True,False,False,Medium
USA,Small,Consumer Services,Media,"Dillingham, AK, USA",,2070.0,AK,Name6013412,True,True,False,Medium
USA,Small,Consumer Services,Media,"Dillingham, AK, USA",,2070.0,AK,Name6013413,True,False,False,Medium
USA,Small,Consumer Services,Media,"Dillingham, AK, USA",,2070.0,AK,Name6013414,True,True,False,High
USA,Small,Consumer Services,Media,"Dillingham, AK, USA",,2070.0,AK,Name6013415,True,True,False,Medium
USA,Small,Transportation,Airlines,"Dillingham, AK, USA",,2070.0,AK,Name6013417,False,False,True,Medium
USA,Small,Transportation,Airlines,"Dillingham, AK, USA",,2070.0,AK,Name6013418,False,True,True,Severe
USA,Small,Transportation,Airlines,"Dillingham, AK, USA",,2070.0,AK,Name6013419,False,True,True,Low
USA,Small,Transportation,Airlines,"Dillingham, AK, USA",,2070.0,AK,Name6013420,False,False,True,Medium
USA,Small,Transportation,Airlines,"Dillingham, AK, USA",,2070.0,AK,Name6013421,False,True,True,Severe
USA,Small,Transportation,Airlines,"Dillingham, AK, USA",,2070.0,AK,Name6013422,True,False,False,Medium
USA,Small,Transportation,Airlines,"Dillingham, AK, USA",,2070.0,AK,Name6013423,False,False,True,Low
USA,Small,Transportation,Airlines,"Dillingham, AK, USA",,2070.0,AK,Name6013426,False,True,False,Severe
USA,Small,Transportation,Airlines,"Dillingham, AK, USA",,2070.0,AK,Name6013427,True,False,False,High
USA,Small,Transportation,Airlines,"Dillingham, AK, USA",,2070.0,AK,Name6013428,True,False,False,Medium
USA,Small,Transportation,Airlines,"Dillingham, AK, USA",,2070.0,AK,Name6013429,False,True,False,Low
USA,Small,Transportation,Airlines,"Dillingham, AK, USA",,2070.0,AK,Name6013431,False,False,True,High
USA,Small,Transportation,Airlines,"Dillingham, AK, USA",,2070.0,AK,Name6013432,True,True,False,High
USA,Small,Transportation,Airlines,"Dillingham, AK, USA",,2070.0,AK,Name6013433,True,False,False,Low
USA,Small,Transportation,Airlines,"Dillingham, AK, USA",,2070.0,AK,Name6013435,True,False,False,Medium
USA,Small,Transportation,Airlines,"Dillingham, AK, USA",,2070.0,AK,Name6013436,True,True,False,Severe
USA,Small,Transportation,Airlines,"Dillingham, AK, USA",,2070.0,AK,Name6013437,True,False,False,Severe
USA,Small,Transportation,Airlines,"Dillingham, AK, USA",,2070.0,AK,Name6013438,True,True,False,High
USA,Small,Transportation,Airlines,"Dillingham, AK, USA",,2070.0,AK,Name6013439,False,False,True,Medium
USA,Small,Transportation,Airlines,"Dillingham, AK, USA",,2070.0,AK,Name6013440,False,True,True,High
USA,Small,Transportation,Airlines,"Dillingham, AK, USA",,2070.0,AK,Name6013441,False,True,True,Severe
USA,Small,Transportation,Airlines,"Dillingham, AK, USA",,2070.0,AK,Name6013442,False,True,False,Severe
USA,Small,Transportation,Airlines,"Dillingham, AK, USA",,2070.0,AK,Name6013443,True,False,False,Severe
USA,Small,Transportation,Airlines,"Dillingham, AK, USA",,2070.0,AK,Name6013445,False,True,True,Low
USA,Small,Transportation,Airlines,"Dillingham, AK, USA",,2070.0,AK,Name6013446,True,False,False,Low
USA,Small,Transportation,Airlines,"Dillingham, AK, USA",,2070.0,AK,Name6013448,False,True,True,Medium
USA,Small,Transportation,Airlines,"Dillingham, AK, USA",,2070.0,AK,Name6013449,False,True,True,Low
USA,Small,Transportation,Airlines,"Dillingham, AK, USA",,2070.0,AK,Name6013450,True,False,False,Low
USA,Small,Transportation,Airlines,"Dillingham, AK, USA",,2070.0,AK,Name6013451,True,True,False,Low
USA,Small,Transportation,Airlines,"Dillingham, AK, USA",,2070.0,AK,Name6013452,True,False,False,Medium
USA,Small,Transportation,Airlines,"Dillingham, AK, USA",,2070.0,AK,Name6013453,True,False,False,Severe
USA,Small,Transportation,Airlines,"Dillingham, AK, USA",,2070.0,AK,Name6013454,True,True,False,Low
USA,Small,Transportation,Airlines,"Dillingham, AK, USA",,2070.0,AK,Name6013455,True,False,False,High
USA,Small,Transportation,Airlines,"Dillingham, AK, USA",,2070.0,AK,Name6013456,False,False,True,Medium
USA,Small,Transportation,Airlines,"Dillingham, AK, USA",,2070.0,AK,Name6013457,False,False,True,Severe
USA,Small,Transportation,Railroads,"Dillingham, AK, USA",,2070.0,AK,Name6013458,False,True,False,High
USA,Small,Transportation,Railroads,"Dillingham, AK, USA",,2070.0,AK,Name6013460,True,False,False,Severe
USA,Small,Transportation,Railroads,"Dillingham, AK, USA",,2070.0,AK,Name6013461,True,True,False,Low
USA,Small,Transportation,Railroads,"Dillingham, AK, USA",,2070.0,AK,Name6013462,False,False,True,High
USA,Small,Transportation,Railroads,"Dillingham, AK, USA",,2070.0,AK,Name6013464,True,False,False,Low
USA,Small,Transportation,Railroads,"Dillingham, AK, USA",,2070.0,AK,Name6013465,False,True,True,Low
USA,Small,Transportation,Railroads,"Dillingham, AK, USA",,2070.0,AK,Name6013466,False,True,True,High
USA,Small,Transportation,Railroads,"Dillingham, AK, USA",,2070.0,AK,Name6013467,True,False,False,Medium
USA,Small,Transportation,Railroads,"Dillingham, AK, USA",,2070.0,AK,Name6013468,True,False,False,Low
USA,Small,Transportation,Railroads,"Dillingham, AK, USA",,2070.0,AK,Name6013470,True,False,False,Medium
USA,Small,Transportation,Railroads,"Dillingham, AK, USA",,2070.0,AK,Name6013471,True,False,False,High
USA,Small,Transportation,Railroads,"Dillingham, AK, USA",,2070.0,AK,Name6013472,False,True,True,Low
USA,Small,Transportation,Railroads,"Dillingham, AK, USA",,2070.0,AK,Name6013473,False,True,False,Low
USA,Small,Transportation,Railroads,"Dillingham, AK, USA",,2070.0,AK,Name6013474,True,True,False,Severe
USA,Small,Transportation,Railroads,"Dillingham, AK, USA",,2070.0,AK,Name6013476,False,True,False,Medium
USA,Small,Transportation,Railroads,"Dillingham, AK, USA",,2070.0,AK,Name6013477,False,True,True,Medium
USA,Small,Transportation,Railroads,"Dillingham, AK, USA",,2070.0,AK,Name6013478,False,False,True,Severe
USA,Small,Transportation,Railroads,"Dillingham, AK, USA",,2070.0,AK,Name6013479,True,True,False,High
USA,Small,Transportation,Railroads,"Dillingham, AK, USA",,2070.0,AK,Name6013480,True,True,False,Medium
USA,Small,Transportation,Logistics,"Dillingham, AK, USA",,2070.0,AK,Name6013482,True,False,False,High
USA,Small,Transportation,Logistics,"Dillingham, AK, USA",,2070.0,AK,Name6013483,True,False,False,Severe
USA,Small,Transportation,Logistics,"Dillingham, AK, USA",,2070.0,AK,Name6013485,True,False,False,Medium
USA,Small,Transportation,Logistics,"Dillingham, AK, USA",,2070.0,AK,Name6013486,False,True,False,Medium
USA,Small,Transportation,Logistics,"Dillingham, AK, USA",,2070.0,AK,Name6013487,False,True,False,Severe
USA,Small,Transportation,Logistics,"Dillingham, AK, USA",,2070.0,AK,Name6013488,True,False,False,Low
USA,Small,Transportation,Logistics,"Dillingham, AK, USA",,2070.0,AK,Name6013490,True,False,False,Medium
USA,Small,Transportation,Logistics,"Dillingham, AK, USA",,2070.0,AK,Name6013494,True,False,False,High
USA,Small,Transportation,Logistics,"Dillingham, AK, USA",,2070.0,AK,Name6013495,True,True,False,High
USA,Small,Transportation,Logistics,"Dillingham, AK, USA",,2070.0,AK,Name6013496,True,True,False,Medium
USA,Small,Transportation,Logistics,"Dillingham, AK, USA",,2070.0,AK,Name6013497,False,True,False,Severe
USA,Small,Transportation,Logistics,"Dillingham, AK, USA",,2070.0,AK,Name6013499,True,True,False,High
USA,Small,Transportation,Logistics,"Dillingham, AK, USA",,2070.0,AK,Name6013501,True,False,False,Low
USA,Small,Transportation,Logistics,"Dillingham, AK, USA",,2070.0,AK,Name6013502,False,True,False,High
USA,Small,Transportation,Logistics,"Dillingham, AK, USA",,2070.0,AK,Name6013504,False,True,False,Medium
USA,Small,Transportation,Logistics,"Dillingham, AK, USA",,2070.0,AK,Name6013505,True,True,False,Low
USA,Small,Transportation,Logistics,"Dillingham, AK, USA",,2070.0,AK,Name6013506,True,True,False,Low
USA,Small,Transportation,Logistics,"Dillingham, AK, USA",,2070.0,AK,Name6013507,False,True,False,Low
USA,Micro,Technology,Software,"Dillingham, AK, USA",,2070.0,AK,Name6013508,True,True,False,High
USA,Micro,Technology,Software,"Dillingham, AK, USA",,2070.0,AK,Name6013509,True,True,False,High
USA,Micro,Technology,Software,"Dillingham, AK, USA",,2070.0,AK,Name6013510,True,True,False,Severe
USA,Micro,Technology,Software,"Dillingham, AK, USA",,2070.0,AK,Name6013511,False,True,True,Severe
USA,Micro,Technology,Software,"Dillingham, AK, USA",,2070.0,AK,Name6013512,False,True,False,Low
USA,Micro,Technology,Software,"Dillingham, AK, USA",,2070.0,AK,Name6013513,True,True,False,High
USA,Micro,Technology,Software,"Dillingham, AK, USA",,2070.0,AK,Name6013514,True,False,False,Low
USA,Micro,Technology,Software,"Dillingham, AK, USA",,2070.0,AK,Name6013515,True,True,False,Medium
USA,Micro,Technology,Software,"Dillingham, AK, USA",,2070.0,AK,Name6013516,False,True,True,Low
USA,Micro,Technology,Software,"Dillingham, AK, USA",,2070.0,AK,Name6013517,True,False,False,Low
USA,Micro,Technology,Software,"Dillingham, AK, USA",,2070.0,AK,Name6013519,True,True,False,Medium
USA,Micro,Technology,Software,"Dillingham, AK, USA",,2070.0,AK,Name6013520,False,True,True,Severe
USA,Micro,Technology,Software,"Dillingham, AK, USA",,2070.0,AK,Name6013523,False,False,True,Severe
USA,Micro,Technology,Software,"Dillingham, AK, USA",,2070.0,AK,Name6013525,True,False,False,Severe
USA,Micro,Technology,Software,"Dillingham, AK, USA",,2070.0,AK,Name6013526,False,True,False,High
USA,Micro,Technology,Software,"Dillingham, AK, USA",,2070.0,AK,Name6013527,False,True,False,Low
USA,Micro,Technology,Software,"Dillingham, AK, USA",,2070.0,AK,Name6013528,True,True,False,High
USA,Micro,Technology,Software,"Dillingham, AK, USA",,2070.0,AK,Name6013529,True,True,False,Severe
USA,Micro,Technology,Software,"Dillingham, AK, USA",,2070.0,AK,Name6013530,False,True,True,Medium
USA,Micro,Technology,Software,"Dillingham, AK, USA",,2070.0,AK,Name6013531,True,False,False,Severe
USA,Micro,Technology,Software,"Dillingham, AK, USA",,2070.0,AK,Name6013532,False,True,False,Medium
USA,Micro,Technology,Software,"Dillingham, AK, USA",,2070.0,AK,Name6013533,False,True,True,Low
USA,Micro,Technology,Software,"Dillingham, AK, USA",,2070.0,AK,Name6013535,True,False,False,Medium
USA,Micro,Technology,Software,"Dillingham, AK, USA",,2070.0,AK,Name6013536,True,True,False,Medium
USA,Micro,Technology,Software,"Dillingham, AK, USA",,2070.0,AK,Name6013537,True,False,False,Severe
USA,Micro,Technology,Software,"Dillingham, AK, USA",,2070.0,AK,Name6013538,True,True,False,Severe
USA,Micro,Technology,Software,"Dillingham, AK, USA",,2070.0,AK,Name6013539,True,True,False,Severe
USA,Micro,Technology,Software,"Dillingham, AK, USA",,2070.0,AK,Name6013540,True,True,False,Low
USA,Micro,Technology,Software,"Dillingham, AK, USA",,2070.0,AK,Name6013541,False,False,True,Low
USA,Micro,Technology,Software,"Dillingham, AK, USA",,2070.0,AK,Name6013542,True,False,False,Severe
USA,Micro,Technology,Software,"Dillingham, AK, USA",,2070.0,AK,Name6013543,False,True,False,Low
USA,Micro,Technology,Software,"Dillingham, AK, USA",,2070.0,AK,Name6013544,True,True,False,Medium
USA,Micro,Technology,Hardware,"Dillingham, AK, USA",,2070.0,AK,Name6013545,False,False,True,High
USA,Micro,Technology,Hardware,"Dillingham, AK, USA",,2070.0,AK,Name6013546,False,True,True,High
USA,Micro,Technology,Hardware,"Dillingham, AK, USA",,2070.0,AK,Name6013547,True,False,False,Severe
USA,Micro,Technology,Hardware,"Dillingham, AK, USA",,2070.0,AK,Name6013548,False,True,False,High
USA,Micro,Technology,Hardware,"Dillingham, AK, USA",,2070.0,AK,Name6013549,False,True,False,Medium
USA,Micro,Technology,Hardware,"Dillingham, AK, USA",,2070.0,AK,Name6013550,True,True,False,Low
USA,Micro,Technology,Hardware,"Dillingham, AK, USA",,2070.0,AK,Name6013551,True,True,False,Severe
USA,Micro,Technology,Hardware,"Dillingham, AK, USA",,2070.0,AK,Name6013553,False,True,False,High
USA,Micro,Technology,Hardware,"Dillingham, AK, USA",,2070.0,AK,Name6013554,False,True,True,High
USA,Micro,Technology,Hardware,"Dillingham, AK, USA",,2070.0,AK,Name6013555,False,False,True,High
USA,Micro,Technology,Hardware,"Dillingham, AK, USA",,2070.0,AK,Name6013556,False,True,False,Low
USA,Micro,Technology,Hardware,"Dillingham, AK, USA",,2070.0,AK,Name6013557,True,False,False,Medium
USA,Micro,Technology,Hardware,"Dillingham, AK, USA",,2070.0,AK,Name6013558,True,True,False,Severe
USA,Micro,Technology,Hardware,"Dillingham, AK, USA",,2070.0,AK,Name6013559,False,True,True,Low
USA,Micro,Technology,Hardware,"Dillingham, AK, USA",,2070.0,AK,Name6013560,True,False,False,High
USA,Micro,Technology,Hardware,"Dillingham, AK, USA",,2070.0,AK,Name6013561,True,False,False,High
USA,Micro,Technology,Hardware,"Dillingham, AK, USA",,2070.0,AK,Name6013562,True,False,False,Severe
USA,Micro,Technology,Hardware,"Dillingham, AK, USA",,2070.0,AK,Name6013563,False,True,True,Severe
USA,Micro,Technology,Hardware,"Dillingham, AK, USA",,2070.0,AK,Name6013565,True,True,False,Low
USA,Micro,Technology,Hardware,"Dillingham, AK, USA",,2070.0,AK,Name6013566,False,False,True,Severe
USA,Micro,Technology,Hardware,"Dillingham, AK, USA",,2070.0,AK,Name6013567,True,True,False,Medium
USA,Micro,Technology,Hardware,"Dillingham, AK, USA",,2070.0,AK,Name6013568,True,False,False,Severe
USA,Micro,Technology,Hardware,"Dillingham, AK, USA",,2070.0,AK,Name6013569,False,False,True,Severe
USA,Micro,Technology,Hardware,"Dillingham, AK, USA",,2070.0,AK,Name6013570,False,False,True,Low
USA,Micro,Technology,Hardware,"Dillingham, AK, USA",,2070.0,AK,Name6013571,True,False,False,Medium
USA,Micro,Technology,Hardware,"Dillingham, AK, USA",,2070.0,AK,Name6013572,True,True,False,Severe
USA,Micro,Technology,Hardware,"Dillingham, AK, USA",,2070.0,AK,Name6013573,False,True,True,Low
USA,Micro,Technology,Hardware,"Dillingham, AK, USA",,2070.0,AK,Name6013574,False,False,True,Low
USA,Micro,Technology,Hardware,"Dillingham, AK, USA",,2070.0,AK,Name6013576,True,False,False,High
USA,Micro,Technology,Hardware,"Dillingham, AK, USA",,2070.0,AK,Name6013577,True,True,False,High
USA,Micro,Technology,Hardware,"Dillingham, AK, USA",,2070.0,AK,Name6013578,False,True,False,High
USA,Micro,Technology,Hardware,"Dillingham, AK, USA",,2070.0,AK,Name6013580,False,True,True,Severe
USA,Micro,Technology,Hardware,"Dillingham, AK, USA",,2070.0,AK,Name6013581,True,True,False,Medium
USA,Micro,Technology,IT Services,"Dillingham, AK, USA",,2070.0,AK,Name6013583,True,True,False,Severe
USA,Micro,Technology,IT Services,"Dillingham, AK, USA",,2070.0,AK,Name6013584,True,False,False,Severe
USA,Micro,Technology,IT Services,"Dillingham, AK, USA",,2070.0,AK,Name6013585,False,True,True,Medium
USA,Micro,Technology,IT Services,"Dillingham, AK, USA",,2070.0,AK,Name6013586,False,True,False,High
USA,Micro,Technology,IT Services,"Dillingham, AK, USA",,2070.0,AK,Name6013587,True,False,False,Severe
USA,Micro,Technology,IT Services,"Dillingham, AK, USA",,2070.0,AK,Name6013588,True,False,False,Medium
USA,Micro,Technology,IT Services,"Dillingham, AK, USA",,2070.0,AK,Name6013589,False,True,False,Low
USA,Micro,Technology,IT Services,"Dillingham, AK, USA",,2070.0,AK,Name6013590,False,True,True,High
USA,Micro,Technology,IT Services,"Dillingham, AK, USA",,2070.0,AK,Name6013591,True,True,False,High
USA,Micro,Technology,IT Services,"Dillingham, AK, USA",,2070.0,AK,Name6013592,True,False,False,Low
USA,Micro,Technology,IT Services,"Dillingham, AK, USA",,2070.0,AK,Name6013593,False,False,True,Low
USA,Micro,Technology,IT Services,"Dillingham, AK, USA",,2070.0,AK,Name6013594,True,True,False,Medium
USA,Micro,Technology,IT Services,"Dillingham, AK, USA",,2070.0,AK,Name6013595,True,False,False,Low
USA,Micro,Technology,IT Services,"Dillingham, AK, USA",,2070.0,AK,Name6013596,False,True,True,Medium
USA,Micro,Technology,IT Services,"Dillingham, AK, USA",,2070.0,AK,Name6013597,True,False,False,Medium
USA,Micro,Technology,IT Services,"Dillingham, AK, USA",,2070.0,AK,Name6013598,True,True,False,Medium
USA,Micro,Technology,IT Services,"Dillingham, AK, USA",,2070.0,AK,Name6013599,False,False,True,Severe
USA,Micro,Technology,IT Services,"Dillingham, AK, USA",,2070.0,AK,Name6013601,False,True,True,Severe
USA,Micro,Technology,IT Services,"Dillingham, AK, USA",,2070.0,AK,Name6013602,True,False,False,Severe
USA,Micro,Technology,IT Services,"Dillingham, AK, USA",,2070.0,AK,Name6013603,True,False,False,High
USA,Micro,Technology,IT Services,"Dillingham, AK, USA",,2070.0,AK,Name6013604,False,True,True,High
USA,Micro,Technology,IT Services,"Dillingham, AK, USA",,2070.0,AK,Name6013605,False,True,True,High
USA,Micro,Technology,IT Services,"Dillingham, AK, USA",,2070.0,AK,Name6013606,True,True,False,Low
USA,Micro,Technology,IT Services,"Dillingham, AK, USA",,2070.0,AK,Name6013607,False,True,True,High
USA,Micro,Technology,IT Services,"Dillingham, AK, USA",,2070.0,AK,Name6013608,False,True,False,Medium
USA,Micro,Technology,IT Services,"Dillingham, AK, USA",,2070.0,AK,Name6013609,True,True,False,Severe
USA,Micro,Technology,IT Services,"Dillingham, AK, USA",,2070.0,AK,Name6013610,False,False,True,Medium
USA,Micro,Technology,IT Services,"Dillingham, AK, USA",,2070.0,AK,Name6013612,True,False,False,Low
USA,Micro,Technology,IT Services,"Dillingham, AK, USA",,2070.0,AK,Name6013613,False,False,True,High
USA,Micro,Technology,IT Services,"Dillingham, AK, USA",,2070.0,AK,Name6013614,True,True,False,Medium
USA,Micro,Technology,IT Services,"Dillingham, AK, USA",,2070.0,AK,Name6013615,False,False,True,Severe
USA,Micro,Technology,IT Services,"Dillingham, AK, USA",,2070.0,AK,Name6013616,True,False,False,Low
USA,Micro,Technology,IT Services,"Dillingham, AK, USA",,2070.0,AK,Name6013617,False,False,True,Severe
USA,Micro,Technology,IT Services,"Dillingham, AK, USA",,2070.0,AK,Name6013618,False,True,True,High
USA,Micro,Technology,IT Services,"Dillingham, AK, USA",,2070.0,AK,Name6013619,False,True,False,Medium
USA,Micro,Technology,IT Services,"Dillingham, AK, USA",,2070.0,AK,Name6013621,False,True,True,High
USA,Micro,Technology,IT Services,"Dillingham, AK, USA",,2070.0,AK,Name6013622,True,True,False,Medium
USA,Micro,Technology,IT Services,"Dillingham, AK, USA",,2070.0,AK,Name6013623,True,True,False,Low
USA,Micro,Technology,IT Services,"Dillingham, AK, USA",,2070.0,AK,Name6013624,True,True,False,Severe
USA,Micro,Healthcare,Pharmaceuticals,"Dillingham, AK, USA",,2070.0,AK,Name6013625,False,True,True,Medium
USA,Micro,Healthcare,Pharmaceuticals,"Dillingham, AK, USA",,2070.0,AK,Name6013626,False,True,True,High
USA,Micro,Healthcare,Pharmaceuticals,"Dillingham, AK, USA",,2070.0,AK,Name6013627,True,False,False,Low
USA,Micro,Healthcare,Pharmaceuticals,"Dillingham, AK, USA",,2070.0,AK,Name6013628,True,False,False,Medium
USA,Micro,Healthcare,Pharmaceuticals,"Dillingham, AK, USA",,2070.0,AK,Name6013629,False,True,False,Medium
USA,Micro,Healthcare,Pharmaceuticals,"Dillingham, AK, USA",,2070.0,AK,Name6013630,False,False,True,Low
USA,Micro,Healthcare,Pharmaceuticals,"Dillingham, AK, USA",,2070.0,AK,Name6013631,True,True,False,Severe
USA,Micro,Healthcare,Pharmaceuticals,"Dillingham, AK, USA",,2070.0,AK,Name6013632,True,False,False,Medium
USA,Micro,Healthcare,Pharmaceuticals,"Dillingham, AK, USA",,2070.0,AK,Name6013634,False,True,False,Medium
USA,Micro,Healthcare,Pharmaceuticals,"Dillingham, AK, USA",,2070.0,AK,Name6013635,True,False,False,Medium
USA,Micro,Healthcare,Pharmaceuticals,"Dillingham, AK, USA",,2070.0,AK,Name6013636,True,False,False,Low
USA,Micro,Healthcare,Pharmaceuticals,"Dillingham, AK, USA",,2070.0,AK,Name6013637,True,False,False,Severe
USA,Micro,Healthcare,Pharmaceuticals,"Dillingham, AK, USA",,2070.0,AK,Name6013638,True,True,False,Severe
USA,Micro,Healthcare,Pharmaceuticals,"Dillingham, AK, USA",,2070.0,AK,Name6013639,False,True,False,Medium
USA,Micro,Healthcare,Pharmaceuticals,"Dillingham, AK, USA",,2070.0,AK,Name6013640,True,True,False,Low
USA,Micro,Healthcare,Pharmaceuticals,"Dillingham, AK, USA",,2070.0,AK,Name6013641,True,True,False,Severe
USA,Micro,Healthcare,Pharmaceuticals,"Dillingham, AK, USA",,2070.0,AK,Name6013642,True,False,False,Low
USA,Micro,Healthcare,Pharmaceuticals,"Dillingham, AK, USA",,2070.0,AK,Name6013643,True,False,False,Low
USA,Micro,Healthcare,Pharmaceuticals,"Dillingham, AK, USA",,2070.0,AK,Name6013645,False,False,True,High
USA,Micro,Healthcare,Pharmaceuticals,"Dillingham, AK, USA",,2070.0,AK,Name6013646,False,True,True,High
USA,Micro,Healthcare,Pharmaceuticals,"Dillingham, AK, USA",,2070.0,AK,Name6013647,False,True,True,High
USA,Micro,Healthcare,Pharmaceuticals,"Dillingham, AK, USA",,2070.0,AK,Name6013648,True,False,False,High
USA,Micro,Healthcare,Pharmaceuticals,"Dillingham, AK, USA",,2070.0,AK,Name6013649,False,False,True,High
USA,Micro,Healthcare,Pharmaceuticals,"Dillingham, AK, USA",,2070.0,AK,Name6013650,True,True,False,Low
USA,Micro,Healthcare,Pharmaceuticals,"Dillingham, AK, USA",,2070.0,AK,Name6013651,False,True,False,Medium
USA,Micro,Healthcare,Pharmaceuticals,"Dillingham, AK, USA",,2070.0,AK,Name6013652,True,True,False,High
USA,Micro,Healthcare,Pharmaceuticals,"Dillingham, AK, USA",,2070.0,AK,Name6013653,False,False,True,Severe
USA,Micro,Healthcare,Pharmaceuticals,"Dillingham, AK, USA",,2070.0,AK,Name6013654,True,True,False,Low
USA,Micro,Healthcare,Pharmaceuticals,"Dillingham, AK, USA",,2070.0,AK,Name6013655,True,True,False,Low
USA,Micro,Healthcare,Pharmaceuticals,"Dillingham, AK, USA",,2070.0,AK,Name6013656,False,False,True,Low
USA,Micro,Healthcare,Pharmaceuticals,"Dillingham, AK, USA",,2070.0,AK,Name6013658,False,False,True,Severe
USA,Micro,Healthcare,Pharmaceuticals,"Dillingham, AK, USA",,2070.0,AK,Name6013659,True,True,False,High
USA,Micro,Healthcare,Pharmaceuticals,"Dillingham, AK, USA",,2070.0,AK,Name6013660,True,True,False,Low
USA,Micro,Healthcare,Pharmaceuticals,"Dillingham, AK, USA",,2070.0,AK,Name6013661,True,True,False,Severe
USA,Micro,Healthcare,Pharmaceuticals,"Dillingham, AK, USA",,2070.0,AK,Name6013662,True,True,False,Medium
USA,Micro,Healthcare,Pharmaceuticals,"Dillingham, AK, USA",,2070.0,AK,Name6013663,False,True,False,Medium
USA,Micro,Healthcare,Pharmaceuticals,"Dillingham, AK, USA",,2070.0,AK,Name6013664,True,True,False,Low
USA,Micro,Healthcare,Pharmaceuticals,"Dillingham, AK, USA",,2070.0,AK,Name6013667,False,True,False,Medium
USA,Micro,Healthcare,Pharmaceuticals,"Dillingham, AK, USA",,2070.0,AK,Name6013668,True,False,False,Low
USA,Micro,Healthcare,Pharmaceuticals,"Dillingham, AK, USA",,2070.0,AK,Name6013669,False,True,True,High
USA,Micro,Healthcare,Pharmaceuticals,"Dillingham, AK, USA",,2070.0,AK,Name6013670,False,True,True,High
USA,Micro,Healthcare,Pharmaceuticals,"Dillingham, AK, USA",,2070.0,AK,Name6013671,True,True,False,High
USA,Micro,Healthcare,Pharmaceuticals,"Dillingham, AK, USA",,2070.0,AK,Name6013672,False,True,True,Medium
USA,Micro,Healthcare,Pharmaceuticals,"Dillingham, AK, USA",,2070.0,AK,Name6013673,True,True,False,Medium
USA,Micro,Healthcare,Medical Devices,"Dillingham, AK, USA",,2070.0,AK,Name6013674,False,True,True,High
USA,Micro,Healthcare,Medical Devices,"Dillingham, AK, USA",,2070.0,AK,Name6013675,True,True,False,Severe
USA,Micro,Healthcare,Medical Devices,"Dillingham, AK, USA",,2070.0,AK,Name6013676,True,True,False,Severe
USA,Micro,Healthcare,Medical Devices,"Dillingham, AK, USA",,2070.0,AK,Name6013677,False,False,True,Low
USA,Micro,Healthcare,Medical Devices,"Dillingham, AK, USA",,2070.0,AK,Name6013678,False,False,True,High
USA,Micro,Healthcare,Medical Devices,"Dillingham, AK, USA",,2070.0,AK,Name6013679,False,False,True,Medium
USA,Micro,Healthcare,Medical Devices,"Dillingham, AK, USA",,2070.0,AK,Name6013680,True,True,False,Medium
USA,Micro,Healthcare,Medical Devices,"Dillingham, AK, USA",,2070.0,AK,Name6013682,True,False,False,High
USA,Micro,Healthcare,Medical Devices,"Dillingham, AK, USA",,2070.0,AK,Name6013683,False,False,True,Severe
USA,Micro,Healthcare,Medical Devices,"Dillingham, AK, USA",,2070.0,AK,Name6013686,True,True,False,Low
USA,Micro,Healthcare,Medical Devices,"Dillingham, AK, USA",,2070.0,AK,Name6013687,True,True,False,Low
USA,Micro,Healthcare,Medical Devices,"Dillingham, AK, USA",,2070.0,AK,Name6013688,True,False,False,Medium
USA,Micro,Healthcare,Medical Devices,"Dillingham, AK, USA",,2070.0,AK,Name6013689,True,True,False,Low
USA,Micro,Healthcare,Medical Devices,"Dillingham, AK, USA",,2070.0,AK,Name6013690,True,False,False,Severe
USA,Micro,Healthcare,Medical Devices,"Dillingham, AK, USA",,2070.0,AK,Name6013691,True,False,False,Low
USA,Micro,Healthcare,Medical Devices,"Dillingham, AK, USA",,2070.0,AK,Name6013692,False,True,True,High
USA,Micro,Healthcare,Medical Devices,"Dillingham, AK, USA",,2070.0,AK,Name6013693,False,False,True,Low
USA,Micro,Healthcare,Medical Devices,"Dillingham, AK, USA",,2070.0,AK,Name6013694,False,True,True,Medium
USA,Micro,Healthcare,Medical Devices,"Dillingham, AK, USA",,2070.0,AK,Name6013695,False,True,True,Medium
USA,Micro,Healthcare,Medical Devices,"Dillingham, AK, USA",,2070.0,AK,Name6013696,False,True,True,Medium
USA,Micro,Healthcare,Medical Devices,"Dillingham, AK, USA",,2070.0,AK,Name6013698,True,False,False,Low
USA,Micro,Healthcare,Medical Devices,"Dillingham, AK, USA",,2070.0,AK,Name6013700,False,False,True,Low
USA,Micro,Healthcare,Medical Devices,"Dillingham, AK, USA",,2070.0,AK,Name6013701,True,True,False,Medium
USA,Micro,Healthcare,Medical Devices,"Dillingham, AK, USA",,2070.0,AK,Name6013702,False,True,True,Medium
USA,Micro,Healthcare,Medical Devices,"Dillingham, AK, USA",,2070.0,AK,Name6013703,False,True,False,High
USA,Micro,Healthcare,Medical Devices,"Dillingham, AK, USA",,2070.0,AK,Name6013704,False,True,True,Severe
USA,Micro,Healthcare,Medical Devices,"Dillingham, AK, USA",,2070.0,AK,Name6013705,False,False,True,High
USA,Micro,Healthcare,Medical Devices,"Dillingham, AK, USA",,2070.0,AK,Name6013707,False,False,True,Low
USA,Micro,Healthcare,Medical Devices,"Dillingham, AK, USA",,2070.0,AK,Name6013708,True,True,False,Low
USA,Micro,Healthcare,Medical Devices,"Dillingham, AK, USA",,2070.0,AK,Name6013709,True,False,False,Low
USA,Micro,Healthcare,Healthcare Services,"Dillingham, AK, USA",,2070.0,AK,Name6013711,False,False,True,Severe
USA,Micro,Healthcare,Healthcare Services,"Dillingham, AK, USA",,2070.0,AK,Name6013712,True,True,False,Medium
USA,Micro,Healthcare,Healthcare Services,"Dillingham, AK, USA",,2070.0,AK,Name6013713,True,False,False,Severe
USA,Micro,Healthcare,Healthcare Services,"Dillingham, AK, USA",,2070.0,AK,Name6013714,True,False,False,Severe
USA,Micro,Healthcare,Healthcare Services,"Dillingham, AK, USA",,2070.0,AK,Name6013716,True,True,False,Low
USA,Micro,Healthcare,Healthcare Services,"Dillingham, AK, USA",,2070.0,AK,Name6013717,False,True,False,Medium
USA,Micro,Healthcare,Healthcare Services,"Dillingham, AK, USA",,2070.0,AK,Name6013718,True,True,False,High
USA,Micro,Healthcare,Healthcare Services,"Dillingham, AK, USA",,2070.0,AK,Name6013719,True,False,False,Severe
USA,Micro,Healthcare,Healthcare Services,"Dillingham, AK, USA",,2070.0,AK,Name6013720,True,False,False,Medium
USA,Micro,Healthcare,Healthcare Services,"Dillingham, AK, USA",,2070.0,AK,Name6013721,False,False,True,Severe
USA,Micro,Healthcare,Healthcare Services,"Dillingham, AK, USA",,2070.0,AK,Name6013722,True,True,False,High
USA,Micro,Healthcare,Healthcare Services,"Dillingham, AK, USA",,2070.0,AK,Name6013723,True,True,False,High
USA,Micro,Healthcare,Healthcare Services,"Dillingham, AK, USA",,2070.0,AK,Name6013724,False,True,True,Medium
USA,Micro,Healthcare,Healthcare Services,"Dillingham, AK, USA",,2070.0,AK,Name6013725,False,False,True,Medium
USA,Micro,Healthcare,Healthcare Services,"Dillingham, AK, USA",,2070.0,AK,Name6013726,True,True,False,High
USA,Micro,Healthcare,Healthcare Services,"Dillingham, AK, USA",,2070.0,AK,Name6013728,False,True,True,Low
USA,Micro,Healthcare,Healthcare Services,"Dillingham, AK, USA",,2070.0,AK,Name6013729,True,False,False,Severe
USA,Micro,Healthcare,Healthcare Services,"Dillingham, AK, USA",,2070.0,AK,Name6013730,False,True,True,Low
USA,Micro,Healthcare,Healthcare Services,"Dillingham, AK, USA",,2070.0,AK,Name6013731,False,False,True,Severe
USA,Micro,Healthcare,Healthcare Services,"Dillingham, AK, USA",,2070.0,AK,Name6013733,True,False,False,Low
USA,Micro,Healthcare,Healthcare Services,"Dillingham, AK, USA",,2070.0,AK,Name6013734,True,False,False,Severe
USA,Micro,Healthcare,Healthcare Services,"Dillingham, AK, USA",,2070.0,AK,Name6013735,True,True,False,Low
USA,Micro,Healthcare,Healthcare Services,"Dillingham, AK, USA",,2070.0,AK,Name6013736,False,True,False,High
USA,Micro,Healthcare,Healthcare Services,"Dillingham, AK, USA",,2070.0,AK,Name6013737,False,True,False,Severe
USA,Micro,Healthcare,Healthcare Services,"Dillingham, AK, USA",,2070.0,AK,Name6013738,False,True,False,Severe
USA,Micro,Healthcare,Healthcare Services,"Dillingham, AK, USA",,2070.0,AK,Name6013739,True,True,False,High
USA,Micro,Healthcare,Healthcare Services,"Dillingham, AK, USA",,2070.0,AK,Name6013740,False,False,True,High
USA,Micro,Healthcare,Healthcare Services,"Dillingham, AK, USA",,2070.0,AK,Name6013742,False,True,False,High
USA,Micro,Healthcare,Healthcare Services,"Dillingham, AK, USA",,2070.0,AK,Name6013743,True,True,False,High
USA,Micro,Healthcare,Healthcare Services,"Dillingham, AK, USA",,2070.0,AK,Name6013745,False,True,True,Low
USA,Micro,Healthcare,Healthcare Services,"Dillingham, AK, USA",,2070.0,AK,Name6013746,True,True,False,High
USA,Micro,Healthcare,Healthcare Services,"Dillingham, AK, USA",,2070.0,AK,Name6013747,True,True,False,High
USA,Micro,Healthcare,Healthcare Services,"Dillingham, AK, USA",,2070.0,AK,Name6013748,True,False,False,High
USA,Micro,Healthcare,Healthcare Services,"Dillingham, AK, USA",,2070.0,AK,Name6013749,True,True,False,Low
USA,Micro,Healthcare,Healthcare Services,"Dillingham, AK, USA",,2070.0,AK,Name6013750,True,True,False,Severe
USA,Micro,Healthcare,Healthcare Services,"Dillingham, AK, USA",,2070.0,AK,Name6013751,True,True,False,Severe
USA,Micro,Healthcare,Healthcare Services,"Dillingham, AK, USA",,2070.0,AK,Name6013752,True,True,False,Low
USA,Micro,Finance,Banking,"Dillingham, AK, USA",,2070.0,AK,Name6013754,False,True,False,Medium
USA,Micro,Finance,Banking,"Dillingham, AK, USA",,2070.0,AK,Name6013756,True,False,False,Severe
USA,Micro,Finance,Banking,"Dillingham, AK, USA",,2070.0,AK,Name6013757,True,False,False,Low
USA,Micro,Finance,Banking,"Dillingham, AK, USA",,2070.0,AK,Name6013759,False,True,True,Severe
USA,Micro,Finance,Banking,"Dillingham, AK, USA",,2070.0,AK,Name6013761,False,True,True,Medium
USA,Micro,Finance,Banking,"Dillingham, AK, USA",,2070.0,AK,Name6013762,False,False,True,High
USA,Micro,Finance,Insurance,"Dillingham, AK, USA",,2070.0,AK,Name6013764,True,True,False,High
USA,Micro,Finance,Insurance,"Dillingham, AK, USA",,2070.0,AK,Name6013765,True,False,False,Severe
USA,Micro,Finance,Insurance,"Dillingham, AK, USA",,2070.0,AK,Name6013766,False,False,True,Medium
USA,Micro,Finance,Insurance,"Dillingham, AK, USA",,2070.0,AK,Name6013767,False,True,True,Medium
USA,Micro,Finance,Insurance,"Dillingham, AK, USA",,2070.0,AK,Name6013768,True,False,False,High
USA,Micro,Finance,Insurance,"Dillingham, AK, USA",,2070.0,AK,Name6013769,True,True,False,High
USA,Micro,Finance,Insurance,"Dillingham, AK, USA",,2070.0,AK,Name6013770,False,True,False,Severe
USA,Micro,Finance,Insurance,"Dillingham, AK, USA",,2070.0,AK,Name6013771,False,True,False,Medium
USA,Micro,Finance,Insurance,"Dillingham, AK, USA",,2070.0,AK,Name6013772,False,True,True,High
USA,Micro,Finance,Insurance,"Dillingham, AK, USA",,2070.0,AK,Name6013773,False,False,True,Medium
USA,Micro,Finance,Insurance,"Dillingham, AK, USA",,2070.0,AK,Name6013774,True,False,False,Severe
USA,Micro,Finance,Insurance,"Dillingham, AK, USA",,2070.0,AK,Name6013775,False,True,True,Medium
USA,Micro,Finance,Insurance,"Dillingham, AK, USA",,2070.0,AK,Name6013776,False,True,False,High
USA,Micro,Finance,Insurance,"Dillingham, AK, USA",,2070.0,AK,Name6013777,False,False,True,Low
USA,Micro,Finance,Insurance,"Dillingham, AK, USA",,2070.0,AK,Name6013778,True,False,False,Medium
USA,Micro,Finance,Insurance,"Dillingham, AK, USA",,2070.0,AK,Name6013779,True,True,False,Severe
USA,Micro,Finance,Insurance,"Dillingham, AK, USA",,2070.0,AK,Name6013780,False,True,False,Low
USA,Micro,Finance,Insurance,"Dillingham, AK, USA",,2070.0,AK,Name6013782,False,True,False,Medium
USA,Micro,Finance,Insurance,"Dillingham, AK, USA",,2070.0,AK,Name6013783,True,False,False,Low
USA,Micro,Finance,Insurance,"Dillingham, AK, USA",,2070.0,AK,Name6013784,False,True,True,Low
USA,Micro,Finance,Insurance,"Dillingham, AK, USA",,2070.0,AK,Name6013785,False,True,False,Low
USA,Micro,Finance,Insurance,"Dillingham, AK, USA",,2070.0,AK,Name6013786,True,False,False,Low
USA,Micro,Finance,Insurance,"Dillingham, AK, USA",,2070.0,AK,Name6013787,False,False,True,Medium
USA,Micro,Finance,Insurance,"Dillingham, AK, USA",,2070.0,AK,Name6013789,True,False,False,Medium
USA,Micro,Finance,Insurance,"Dillingham, AK, USA",,2070.0,AK,Name6013790,True,False,False,Severe
USA,Micro,Finance,Insurance,"Dillingham, AK, USA",,2070.0,AK,Name6013791,True,False,False,Low
USA,Micro,Finance,Insurance,"Dillingham, AK, USA",,2070.0,AK,Name6013792,True,True,False,High
USA,Micro,Finance,Insurance,"Dillingham, AK, USA",,2070.0,AK,Name6013793,False,True,False,Severe
USA,Micro,Finance,Insurance,"Dillingham, AK, USA",,2070.0,AK,Name6013794,True,False,False,Medium
USA,Micro,Finance,Insurance,"Dillingham, AK, USA",,2070.0,AK,Name6013795,True,False,False,Low
USA,Micro,Finance,Insurance,"Dillingham, AK, USA",,2070.0,AK,Name6013796,True,False,False,Low
USA,Micro,Finance,Insurance,"Dillingham, AK, USA",,2070.0,AK,Name6013797,True,True,False,Medium
USA,Micro,Finance,Insurance,"Dillingham, AK, USA",,2070.0,AK,Name6013798,True,False,False,Medium
USA,Micro,Finance,Insurance,"Dillingham, AK, USA",,2070.0,AK,Name6013799,False,True,False,High
USA,Micro,Finance,Insurance,"Dillingham, AK, USA",,2070.0,AK,Name6013800,False,True,False,Low
USA,Micro,Finance,Investment Services,"Dillingham, AK, USA",,2070.0,AK,Name6013801,False,False,True,High
USA,Micro,Finance,Investment Services,"Dillingham, AK, USA",,2070.0,AK,Name6013802,True,True,False,High
USA,Micro,Finance,Investment Services,"Dillingham, AK, USA",,2070.0,AK,Name6013803,False,False,True,Severe
USA,Micro,Finance,Investment Services,"Dillingham, AK, USA",,2070.0,AK,Name6013804,False,True,False,Severe
USA,Micro,Finance,Investment Services,"Dillingham, AK, USA",,2070.0,AK,Name6013805,False,False,True,Medium
USA,Micro,Energy,Oil & Gas,"Dillingham, AK, USA",,2070.0,AK,Name6013806,False,True,False,Low
USA,Micro,Energy,Oil & Gas,"Dillingham, AK, USA",,2070.0,AK,Name6013807,True,False,False,Medium
USA,Micro,Energy,Oil & Gas,"Dillingham, AK, USA",,2070.0,AK,Name6013808,True,True,False,Severe
USA,Micro,Energy,Oil & Gas,"Dillingham, AK, USA",,2070.0,AK,Name6013809,True,True,False,High
USA,Micro,Energy,Oil & Gas,"Dillingham, AK, USA",,2070.0,AK,Name6013810,True,False,False,High
USA,Micro,Energy,Oil & Gas,"Dillingham, AK, USA",,2070.0,AK,Name6013811,False,True,False,Low
USA,Micro,Energy,Oil & Gas,"Dillingham, AK, USA",,2070.0,AK,Name6013812,True,True,False,Medium
USA,Micro,Energy,Oil & Gas,"Dillingham, AK, USA",,2070.0,AK,Name6013813,False,True,False,High
USA,Micro,Energy,Oil & Gas,"Dillingham, AK, USA",,2070.0,AK,Name6013814,True,False,False,Severe
USA,Micro,Energy,Oil & Gas,"Dillingham, AK, USA",,2070.0,AK,Name6013815,True,False,False,Low
USA,Micro,Energy,Oil & Gas,"Dillingham, AK, USA",,2070.0,AK,Name6013816,True,True,False,Low
USA,Micro,Energy,Oil & Gas,"Dillingham, AK, USA",,2070.0,AK,Name6013817,False,True,False,Severe
USA,Micro,Energy,Oil & Gas,"Dillingham, AK, USA",,2070.0,AK,Name6013818,True,True,False,Medium
USA,Micro,Energy,Oil & Gas,"Dillingham, AK, USA",,2070.0,AK,Name6013819,True,True,False,Severe
USA,Micro,Energy,Oil & Gas,"Dillingham, AK, USA",,2070.0,AK,Name6013820,False,False,True,Medium
USA,Micro,Energy,Oil & Gas,"Dillingham, AK, USA",,2070.0,AK,Name6013821,False,False,True,Low
USA,Micro,Energy,Oil & Gas,"Dillingham, AK, USA",,2070.0,AK,Name6013822,False,True,True,High
USA,Micro,Energy,Oil & Gas,"Dillingham, AK, USA",,2070.0,AK,Name6013823,False,False,True,High
USA,Micro,Energy,Oil & Gas,"Dillingham, AK, USA",,2070.0,AK,Name6013824,True,True,False,Medium
USA,Micro,Energy,Oil & Gas,"Dillingham, AK, USA",,2070.0,AK,Name6013826,True,True,False,Severe
USA,Micro,Energy,Oil & Gas,"Dillingham, AK, USA",,2070.0,AK,Name6013827,True,True,False,High
USA,Micro,Energy,Oil & Gas,"Dillingham, AK, USA",,2070.0,AK,Name6013828,False,False,True,Medium
USA,Micro,Energy,Oil & Gas,"Dillingham, AK, USA",,2070.0,AK,Name6013829,True,False,False,High
USA,Micro,Energy,Oil & Gas,"Dillingham, AK, USA",,2070.0,AK,Name6013830,False,False,True,Severe
USA,Micro,Energy,Oil & Gas,"Dillingham, AK, USA",,2070.0,AK,Name6013831,True,False,False,Medium
USA,Micro,Energy,Oil & Gas,"Dillingham, AK, USA",,2070.0,AK,Name6013832,True,False,False,High
USA,Micro,Energy,Oil & Gas,"Dillingham, AK, USA",,2070.0,AK,Name6013835,False,True,True,Medium
USA,Micro,Energy,Oil & Gas,"Dillingham, AK, USA",,2070.0,AK,Name6013836,True,True,False,Severe
USA,Micro,Energy,Oil & Gas,"Dillingham, AK, USA",,2070.0,AK,Name6013838,False,False,True,Severe
USA,Micro,Energy,Renewable Energy,"Dillingham, AK, USA",,2070.0,AK,Name6013839,False,True,False,High
USA,Micro,Energy,Renewable Energy,"Dillingham, AK, USA",,2070.0,AK,Name6013840,False,True,False,Medium
USA,Micro,Energy,Renewable Energy,"Dillingham, AK, USA",,2070.0,AK,Name6013842,True,True,False,Medium
USA,Micro,Energy,Renewable Energy,"Dillingham, AK, USA",,2070.0,AK,Name6013843,True,False,False,Medium
USA,Micro,Energy,Renewable Energy,"Dillingham, AK, USA",,2070.0,AK,Name6013844,False,True,False,High
USA,Micro,Energy,Renewable Energy,"Dillingham, AK, USA",,2070.0,AK,Name6013845,False,False,True,Medium
USA,Micro,Energy,Renewable Energy,"Dillingham, AK, USA",,2070.0,AK,Name6013846,True,False,False,High
USA,Micro,Energy,Renewable Energy,"Dillingham, AK, USA",,2070.0,AK,Name6013847,False,True,True,Low
USA,Micro,Energy,Renewable Energy,"Dillingham, AK, USA",,2070.0,AK,Name6013849,False,True,True,Medium
USA,Micro,Energy,Renewable Energy,"Dillingham, AK, USA",,2070.0,AK,Name6013850,True,False,False,Medium
USA,Micro,Energy,Renewable Energy,"Dillingham, AK, USA",,2070.0,AK,Name6013852,False,True,False,Low
USA,Micro,Energy,Renewable Energy,"Dillingham, AK, USA",,2070.0,AK,Name6013853,False,True,True,Severe
USA,Micro,Energy,Renewable Energy,"Dillingham, AK, USA",,2070.0,AK,Name6013854,True,False,False,Medium
USA,Micro,Energy,Renewable Energy,"Dillingham, AK, USA",,2070.0,AK,Name6013855,False,True,False,Low
USA,Micro,Energy,Renewable Energy,"Dillingham, AK, USA",,2070.0,AK,Name6013856,True,False,False,High
USA,Micro,Energy,Renewable Energy,"Dillingham, AK, USA",,2070.0,AK,Name6013858,True,True,False,High
USA,Micro,Energy,Renewable Energy,"Dillingham, AK, USA",,2070.0,AK,Name6013860,True,True,False,Severe
USA,Micro,Energy,Renewable Energy,"Dillingham, AK, USA",,2070.0,AK,Name6013861,True,True,False,Medium
USA,Micro,Energy,Renewable Energy,"Dillingham, AK, USA",,2070.0,AK,Name6013862,True,False,False,Severe
USA,Micro,Energy,Renewable Energy,"Dillingham, AK, USA",,2070.0,AK,Name6013863,False,True,True,High
USA,Micro,Energy,Renewable Energy,"Dillingham, AK, USA",,2070.0,AK,Name6013864,True,True,False,High
USA,Micro,Energy,Renewable Energy,"Dillingham, AK, USA",,2070.0,AK,Name6013865,True,False,False,High
USA,Micro,Energy,Renewable Energy,"Dillingham, AK, USA",,2070.0,AK,Name6013866,False,True,True,Severe
USA,Micro,Energy,Renewable Energy,"Dillingham, AK, USA",,2070.0,AK,Name6013867,False,True,False,High
USA,Micro,Energy,Renewable Energy,"Dillingham, AK, USA",,2070.0,AK,Name6013868,True,False,False,High
USA,Micro,Energy,Renewable Energy,"Dillingham, AK, USA",,2070.0,AK,Name6013869,True,True,False,Low
USA,Micro,Energy,Renewable Energy,"Dillingham, AK, USA",,2070.0,AK,Name6013870,True,False,False,Medium
USA,Micro,Energy,Renewable Energy,"Dillingham, AK, USA",,2070.0,AK,Name6013871,False,True,True,Low
USA,Micro,Energy,Energy Exploration,"Dillingham, AK, USA",,2070.0,AK,Name6013872,True,True,False,Low
USA,Micro,Energy,Energy Exploration,"Dillingham, AK, USA",,2070.0,AK,Name6013873,True,True,False,Medium
USA,Micro,Energy,Energy Exploration,"Dillingham, AK, USA",,2070.0,AK,Name6013874,True,False,False,Severe
USA,Micro,Energy,Energy Exploration,"Dillingham, AK, USA",,2070.0,AK,Name6013876,True,True,False,Severe
USA,Micro,Energy,Energy Exploration,"Dillingham, AK, USA",,2070.0,AK,Name6013877,False,True,True,Severe
USA,Micro,Energy,Energy Exploration,"Dillingham, AK, USA",,2070.0,AK,Name6013878,True,True,False,Severe
USA,Micro,Energy,Energy Exploration,"Dillingham, AK, USA",,2070.0,AK,Name6013879,False,False,True,High
USA,Micro,Energy,Energy Exploration,"Dillingham, AK, USA",,2070.0,AK,Name6013881,False,True,False,Low
USA,Micro,Energy,Energy Exploration,"Dillingham, AK, USA",,2070.0,AK,Name6013882,False,True,True,Severe
USA,Micro,Consumer Goods,Food & Beverage,"Dillingham, AK, USA",,2070.0,AK,Name6013885,False,True,False,Low
USA,Micro,Consumer Goods,Food & Beverage,"Dillingham, AK, USA",,2070.0,AK,Name6013886,True,True,False,High
USA,Micro,Consumer Goods,Food & Beverage,"Dillingham, AK, USA",,2070.0,AK,Name6013887,True,True,False,Medium
USA,Micro,Consumer Goods,Food & Beverage,"Dillingham, AK, USA",,2070.0,AK,Name6013888,False,True,True,High
USA,Micro,Consumer Goods,Food & Beverage,"Dillingham, AK, USA",,2070.0,AK,Name6013889,False,True,True,Low
USA,Micro,Consumer Goods,Food & Beverage,"Dillingham, AK, USA",,2070.0,AK,Name6013890,False,False,True,Severe
USA,Micro,Consumer Goods,Food & Beverage,"Dillingham, AK, USA",,2070.0,AK,Name6013891,True,False,False,Low
USA,Micro,Consumer Goods,Food & Beverage,"Dillingham, AK, USA",,2070.0,AK,Name6013892,True,False,False,High
USA,Micro,Consumer Goods,Food & Beverage,"Dillingham, AK, USA",,2070.0,AK,Name6013893,True,False,False,Severe
USA,Micro,Consumer Goods,Food & Beverage,"Dillingham, AK, USA",,2070.0,AK,Name6013894,False,True,True,Low
USA,Micro,Consumer Goods,Food & Beverage,"Dillingham, AK, USA",,2070.0,AK,Name6013895,True,True,False,Severe
USA,Micro,Consumer Goods,Food & Beverage,"Dillingham, AK, USA",,2070.0,AK,Name6013896,True,True,False,High
USA,Micro,Consumer Goods,Food & Beverage,"Dillingham, AK, USA",,2070.0,AK,Name6013897,True,False,False,Low
USA,Micro,Consumer Goods,Food & Beverage,"Dillingham, AK, USA",,2070.0,AK,Name6013898,False,True,True,Severe
USA,Micro,Consumer Goods,Food & Beverage,"Dillingham, AK, USA",,2070.0,AK,Name6013899,False,True,True,Low
USA,Micro,Consumer Goods,Food & Beverage,"Dillingham, AK, USA",,2070.0,AK,Name6013900,True,True,False,Low
USA,Micro,Consumer Goods,Food & Beverage,"Dillingham, AK, USA",,2070.0,AK,Name6013901,True,False,False,High
USA,Micro,Consumer Goods,Food & Beverage,"Dillingham, AK, USA",,2070.0,AK,Name6013902,False,False,True,Low
USA,Micro,Consumer Goods,Food & Beverage,"Dillingham, AK, USA",,2070.0,AK,Name6013903,True,False,False,Low
USA,Micro,Consumer Goods,Food & Beverage,"Dillingham, AK, USA",,2070.0,AK,Name6013904,True,False,False,Severe
USA,Micro,Consumer Goods,Food & Beverage,"Dillingham, AK, USA",,2070.0,AK,Name6013905,True,True,False,Medium
USA,Micro,Consumer Goods,Food & Beverage,"Dillingham, AK, USA",,2070.0,AK,Name6013906,False,True,False,High
USA,Micro,Consumer Goods,Food & Beverage,"Dillingham, AK, USA",,2070.0,AK,Name6013907,True,False,False,Severe
USA,Micro,Consumer Goods,Food & Beverage,"Dillingham, AK, USA",,2070.0,AK,Name6013909,False,True,True,Medium
USA,Micro,Consumer Goods,Food & Beverage,"Dillingham, AK, USA",,2070.0,AK,Name6013910,True,True,False,Low
USA,Micro,Consumer Goods,Food & Beverage,"Dillingham, AK, USA",,2070.0,AK,Name6013911,False,True,True,Severe
USA,Micro,Consumer Goods,Food & Beverage,"Dillingham, AK, USA",,2070.0,AK,Name6013912,True,True,False,High
USA,Micro,Consumer Goods,Food & Beverage,"Dillingham, AK, USA",,2070.0,AK,Name6013914,True,False,False,Low
USA,Micro,Consumer Goods,Food & Beverage,"Dillingham, AK, USA",,2070.0,AK,Name6013915,True,True,False,Low
USA,Micro,Consumer Goods,Household Products,"Dillingham, AK, USA",,2070.0,AK,Name6013916,True,False,False,High
USA,Micro,Consumer Goods,Household Products,"Dillingham, AK, USA",,2070.0,AK,Name6013917,True,True,False,Severe
USA,Micro,Consumer Goods,Household Products,"Dillingham, AK, USA",,2070.0,AK,Name6013919,True,False,False,Medium
USA,Micro,Consumer Goods,Household Products,"Dillingham, AK, USA",,2070.0,AK,Name6013920,False,False,True,Medium
USA,Micro,Consumer Goods,Household Products,"Dillingham, AK, USA",,2070.0,AK,Name6013921,False,False,True,Low
USA,Micro,Consumer Goods,Household Products,"Dillingham, AK, USA",,2070.0,AK,Name6013922,False,False,True,Severe
USA,Micro,Consumer Goods,Household Products,"Dillingham, AK, USA",,2070.0,AK,Name6013923,True,True,False,Low
USA,Micro,Consumer Goods,Household Products,"Dillingham, AK, USA",,2070.0,AK,Name6013924,True,False,False,Severe
USA,Micro,Consumer Goods,Household Products,"Dillingham, AK, USA",,2070.0,AK,Name6013925,True,False,False,Medium
USA,Micro,Consumer Goods,Household Products,"Dillingham, AK, USA",,2070.0,AK,Name6013926,True,False,False,Low
USA,Micro,Consumer Goods,Household Products,"Dillingham, AK, USA",,2070.0,AK,Name6013927,False,False,True,High
USA,Micro,Consumer Goods,Household Products,"Dillingham, AK, USA",,2070.0,AK,Name6013928,True,True,False,Low
USA,Micro,Consumer Goods,Household Products,"Dillingham, AK, USA",,2070.0,AK,Name6013929,True,False,False,Low
USA,Micro,Consumer Goods,Household Products,"Dillingham, AK, USA",,2070.0,AK,Name6013930,True,False,False,Severe
USA,Micro,Consumer Goods,Household Products,"Dillingham, AK, USA",,2070.0,AK,Name6013931,True,True,False,Severe
USA,Micro,Consumer Goods,Household Products,"Dillingham, AK, USA",,2070.0,AK,Name6013932,True,False,False,Severe
USA,Micro,Consumer Goods,Household Products,"Dillingham, AK, USA",,2070.0,AK,Name6013933,True,False,False,Low
USA,Micro,Consumer Goods,Household Products,"Dillingham, AK, USA",,2070.0,AK,Name6013934,True,True,False,Severe
USA,Micro,Consumer Goods,Household Products,"Dillingham, AK, USA",,2070.0,AK,Name6013935,True,True,False,Medium
USA,Micro,Consumer Goods,Household Products,"Dillingham, AK, USA",,2070.0,AK,Name6013937,False,True,True,Medium
USA,Micro,Consumer Goods,Household Products,"Dillingham, AK, USA",,2070.0,AK,Name6013938,False,False,True,Low
USA,Micro,Consumer Goods,Household Products,"Dillingham, AK, USA",,2070.0,AK,Name6013939,True,False,False,Low
USA,Micro,Consumer Goods,Household Products,"Dillingham, AK, USA",,2070.0,AK,Name6013940,True,True,False,Severe
USA,Micro,Consumer Goods,Household Products,"Dillingham, AK, USA",,2070.0,AK,Name6013942,False,False,True,Medium
USA,Micro,Consumer Goods,Household Products,"Dillingham, AK, USA",,2070.0,AK,Name6013943,True,False,False,High
USA,Micro,Consumer Goods,Household Products,"Dillingham, AK, USA",,2070.0,AK,Name6013945,False,True,True,Low
USA,Micro,Consumer Goods,Household Products,"Dillingham, AK, USA",,2070.0,AK,Name6013946,True,True,False,High
USA,Micro,Consumer Goods,Household Products,"Dillingham, AK, USA",,2070.0,AK,Name6013947,True,False,False,Severe
USA,Micro,Consumer Goods,Household Products,"Dillingham, AK, USA",,2070.0,AK,Name6013948,False,False,True,Severe
USA,Micro,Consumer Goods,Household Products,"Dillingham, AK, USA",,2070.0,AK,Name6013949,False,True,True,Medium
USA,Micro,Consumer Goods,Household Products,"Dillingham, AK, USA",,2070.0,AK,Name6013950,False,True,True,Low
USA,Micro,Consumer Goods,Household Products,"Dillingham, AK, USA",,2070.0,AK,Name6013951,True,False,False,High
USA,Micro,Consumer Goods,Household Products,"Dillingham, AK, USA",,2070.0,AK,Name6013952,True,False,False,Low
USA,Micro,Consumer Goods,Household Products,"Dillingham, AK, USA",,2070.0,AK,Name6013953,False,True,False,Severe
USA,Micro,Consumer Goods,Household Products,"Dillingham, AK, USA",,2070.0,AK,Name6013954,False,True,False,High
USA,Micro,Consumer Goods,Household Products,"Dillingham, AK, USA",,2070.0,AK,Name6013955,True,False,False,Low
USA,Micro,Consumer Goods,Household Products,"Dillingham, AK, USA",,2070.0,AK,Name6013956,True,False,False,Severe
USA,Micro,Consumer Goods,Household Products,"Dillingham, AK, USA",,2070.0,AK,Name6013957,True,True,False,Low
USA,Micro,Consumer Goods,Household Products,"Dillingham, AK, USA",,2070.0,AK,Name6013958,False,True,False,High
USA,Micro,Consumer Goods,Household Products,"Dillingham, AK, USA",,2070.0,AK,Name6013959,True,False,False,Medium
USA,Micro,Consumer Goods,Household Products,"Dillingham, AK, USA",,2070.0,AK,Name6013960,True,True,False,Severe
USA,Micro,Consumer Goods,Household Products,"Dillingham, AK, USA",,2070.0,AK,Name6013961,False,False,True,Severe
USA,Micro,Consumer Goods,Household Products,"Dillingham, AK, USA",,2070.0,AK,Name6013962,False,True,False,Low
USA,Micro,Consumer Goods,Household Products,"Dillingham, AK, USA",,2070.0,AK,Name6013963,False,True,False,Medium
USA,Micro,Consumer Goods,Household Products,"Dillingham, AK, USA",,2070.0,AK,Name6013964,False,True,True,Low
USA,Micro,Consumer Goods,Apparel,"Dillingham, AK, USA",,2070.0,AK,Name6013965,True,False,False,Medium
USA,Micro,Consumer Goods,Apparel,"Dillingham, AK, USA",,2070.0,AK,Name6013966,True,False,False,High
USA,Micro,Consumer Goods,Apparel,"Dillingham, AK, USA",,2070.0,AK,Name6013967,False,True,False,Low
USA,Micro,Consumer Goods,Apparel,"Dillingham, AK, USA",,2070.0,AK,Name6013968,False,True,False,High
USA,Micro,Consumer Goods,Apparel,"Dillingham, AK, USA",,2070.0,AK,Name6013969,True,True,False,Severe
USA,Micro,Consumer Goods,Apparel,"Dillingham, AK, USA",,2070.0,AK,Name6013970,True,False,False,Low
USA,Micro,Consumer Goods,Apparel,"Dillingham, AK, USA",,2070.0,AK,Name6013972,True,False,False,High
USA,Micro,Consumer Goods,Apparel,"Dillingham, AK, USA",,2070.0,AK,Name6013973,True,True,False,Low
USA,Micro,Consumer Goods,Apparel,"Dillingham, AK, USA",,2070.0,AK,Name6013974,True,False,False,Severe
USA,Micro,Consumer Goods,Apparel,"Dillingham, AK, USA",,2070.0,AK,Name6013975,False,True,False,Low
USA,Micro,Consumer Goods,Apparel,"Dillingham, AK, USA",,2070.0,AK,Name6013977,True,True,False,Severe
USA,Micro,Consumer Goods,Apparel,"Dillingham, AK, USA",,2070.0,AK,Name6013978,False,True,True,Low
USA,Micro,Consumer Goods,Apparel,"Dillingham, AK, USA",,2070.0,AK,Name6013979,True,True,False,Severe
USA,Micro,Consumer Goods,Apparel,"Dillingham, AK, USA",,2070.0,AK,Name6013980,True,False,False,Medium
USA,Micro,Consumer Goods,Apparel,"Dillingham, AK, USA",,2070.0,AK,Name6013981,True,True,False,High
USA,Micro,Consumer Goods,Apparel,"Dillingham, AK, USA",,2070.0,AK,Name6013982,True,False,False,Medium
USA,Micro,Utilities,Electric,"Dillingham, AK, USA",,2070.0,AK,Name6013983,True,True,False,Medium
USA,Micro,Utilities,Electric,"Dillingham, AK, USA",,2070.0,AK,Name6013984,False,False,True,Low
USA,Micro,Utilities,Electric,"Dillingham, AK, USA",,2070.0,AK,Name6013985,True,True,False,Low
USA,Micro,Utilities,Electric,"Dillingham, AK, USA",,2070.0,AK,Name6013986,True,False,False,Medium
USA,Micro,Utilities,Electric,"Dillingham, AK, USA",,2070.0,AK,Name6013988,False,True,True,Low
USA,Micro,Utilities,Electric,"Dillingham, AK, USA",,2070.0,AK,Name6013989,True,False,False,High
USA,Micro,Utilities,Electric,"Dillingham, AK, USA",,2070.0,AK,Name6013990,True,True,False,High
USA,Micro,Utilities,Electric,"Dillingham, AK, USA",,2070.0,AK,Name6013991,False,True,False,Severe
USA,Micro,Utilities,Electric,"Dillingham, AK, USA",,2070.0,AK,Name6013992,False,True,True,Medium
USA,Micro,Utilities,Electric,"Dillingham, AK, USA",,2070.0,AK,Name6013993,True,True,False,Low
USA,Micro,Utilities,Electric,"Dillingham, AK, USA",,2070.0,AK,Name6013994,True,True,False,Severe
USA,Micro,Utilities,Electric,"Dillingham, AK, USA",,2070.0,AK,Name6013995,True,True,False,Severe
USA,Micro,Utilities,Electric,"Dillingham, AK, USA",,2070.0,AK,Name6013996,True,False,False,High
USA,Micro,Utilities,Electric,"Dillingham, AK, USA",,2070.0,AK,Name6013997,True,True,False,High
USA,Micro,Utilities,Electric,"Dillingham, AK, USA",,2070.0,AK,Name6013998,False,False,True,Low
USA,Micro,Utilities,Electric,"Dillingham, AK, USA",,2070.0,AK,Name6013999,True,False,False,High
USA,Micro,Utilities,Electric,"Dillingham, AK, USA",,2070.0,AK,Name6014000,True,False,False,Low
USA,Micro,Utilities,Electric,"Dillingham, AK, USA",,2070.0,AK,Name6014001,True,True,False,Medium
USA,Micro,Utilities,Electric,"Dillingham, AK, USA",,2070.0,AK,Name6014003,True,False,False,Severe
USA,Micro,Utilities,Electric,"Dillingham, AK, USA",,2070.0,AK,Name6014004,False,True,True,Severe
USA,Micro,Utilities,Electric,"Dillingham, AK, USA",,2070.0,AK,Name6014006,False,True,False,High
USA,Micro,Utilities,Electric,"Dillingham, AK, USA",,2070.0,AK,Name6014007,True,False,False,Medium
USA,Micro,Utilities,Electric,"Dillingham, AK, USA",,2070.0,AK,Name6014008,True,False,False,Medium
USA,Micro,Utilities,Electric,"Dillingham, AK, USA",,2070.0,AK,Name6014009,False,True,False,Severe
USA,Micro,Utilities,Water,"Dillingham, AK, USA",,2070.0,AK,Name6014010,False,True,True,Medium
USA,Micro,Utilities,Water,"Dillingham, AK, USA",,2070.0,AK,Name6014011,True,True,False,Low
USA,Micro,Utilities,Water,"Dillingham, AK, USA",,2070.0,AK,Name6014012,True,False,False,Medium
USA,Micro,Utilities,Water,"Dillingham, AK, USA",,2070.0,AK,Name6014013,True,True,False,Severe
USA,Micro,Utilities,Water,"Dillingham, AK, USA",,2070.0,AK,Name6014015,False,True,True,High
USA,Micro,Utilities,Water,"Dillingham, AK, USA",,2070.0,AK,Name6014016,False,True,True,Severe
USA,Micro,Utilities,Water,"Dillingham, AK, USA",,2070.0,AK,Name6014017,True,False,False,Medium
USA,Micro,Utilities,Water,"Dillingham, AK, USA",,2070.0,AK,Name6014018,True,True,False,Severe
USA,Micro,Utilities,Water,"Dillingham, AK, USA",,2070.0,AK,Name6014019,False,False,True,High
USA,Micro,Utilities,Water,"Dillingham, AK, USA",,2070.0,AK,Name6014020,False,True,False,High
USA,Micro,Utilities,Water,"Dillingham, AK, USA",,2070.0,AK,Name6014021,False,True,False,High
USA,Micro,Utilities,Water,"Dillingham, AK, USA",,2070.0,AK,Name6014023,False,True,False,Severe
USA,Micro,Utilities,Water,"Dillingham, AK, USA",,2070.0,AK,Name6014025,False,False,True,High
USA,Micro,Utilities,Water,"Dillingham, AK, USA",,2070.0,AK,Name6014026,False,True,False,Severe
USA,Micro,Utilities,Water,"Dillingham, AK, USA",,2070.0,AK,Name6014027,True,False,False,High
USA,Micro,Utilities,Water,"Dillingham, AK, USA",,2070.0,AK,Name6014028,True,True,False,High
USA,Micro,Utilities,Water,"Dillingham, AK, USA",,2070.0,AK,Name6014029,True,False,False,Low
USA,Micro,Utilities,Water,"Dillingham, AK, USA",,2070.0,AK,Name6014030,True,False,False,Low
USA,Micro,Utilities,Water,"Dillingham, AK, USA",,2070.0,AK,Name6014031,True,False,False,Low
USA,Micro,Utilities,Water,"Dillingham, AK, USA",,2070.0,AK,Name6014033,False,True,False,High
USA,Micro,Utilities,Water,"Dillingham, AK, USA",,2070.0,AK,Name6014034,True,False,False,Severe
USA,Micro,Utilities,Water,"Dillingham, AK, USA",,2070.0,AK,Name6014035,False,True,True,Low
USA,Micro,Utilities,Water,"Dillingham, AK, USA",,2070.0,AK,Name6014036,False,True,False,Severe
USA,Micro,Utilities,Water,"Dillingham, AK, USA",,2070.0,AK,Name6014037,False,True,True,High
USA,Micro,Utilities,Water,"Dillingham, AK, USA",,2070.0,AK,Name6014038,True,True,False,Low
USA,Micro,Utilities,Water,"Dillingham, AK, USA",,2070.0,AK,Name6014040,True,True,False,Low
USA,Micro,Utilities,Water,"Dillingham, AK, USA",,2070.0,AK,Name6014041,False,True,True,High
USA,Micro,Utilities,Gas,"Dillingham, AK, USA",,2070.0,AK,Name6014043,True,True,False,Medium
USA,Micro,Utilities,Gas,"Dillingham, AK, USA",,2070.0,AK,Name6014045,False,True,False,High
USA,Micro,Utilities,Gas,"Dillingham, AK, USA",,2070.0,AK,Name6014046,False,False,True,Low
USA,Micro,Utilities,Gas,"Dillingham, AK, USA",,2070.0,AK,Name6014047,True,False,False,Severe
USA,Micro,Utilities,Gas,"Dillingham, AK, USA",,2070.0,AK,Name6014048,False,True,True,High
USA,Micro,Utilities,Gas,"Dillingham, AK, USA",,2070.0,AK,Name6014049,True,False,False,Severe
USA,Micro,Utilities,Gas,"Dillingham, AK, USA",,2070.0,AK,Name6014050,True,True,False,Medium
USA,Micro,Utilities,Gas,"Dillingham, AK, USA",,2070.0,AK,Name6014051,False,True,True,Medium
USA,Micro,Utilities,Gas,"Dillingham, AK, USA",,2070.0,AK,Name6014052,True,True,False,High
USA,Micro,Utilities,Gas,"Dillingham, AK, USA",,2070.0,AK,Name6014054,True,False,False,Medium
USA,Micro,Utilities,Gas,"Dillingham, AK, USA",,2070.0,AK,Name6014055,True,True,False,Severe
USA,Micro,Utilities,Gas,"Dillingham, AK, USA",,2070.0,AK,Name6014056,False,True,True,Low
USA,Micro,Utilities,Gas,"Dillingham, AK, USA",,2070.0,AK,Name6014057,False,False,True,High
USA,Micro,Utilities,Gas,"Dillingham, AK, USA",,2070.0,AK,Name6014058,False,True,False,Severe
USA,Micro,Utilities,Gas,"Dillingham, AK, USA",,2070.0,AK,Name6014059,False,True,False,Medium
USA,Micro,Utilities,Gas,"Dillingham, AK, USA",,2070.0,AK,Name6014060,True,True,False,High
USA,Micro,Utilities,Gas,"Dillingham, AK, USA",,2070.0,AK,Name6014061,False,True,False,Severe
USA,Micro,Utilities,Gas,"Dillingham, AK, USA",,2070.0,AK,Name6014062,False,False,True,Low
USA,Micro,Utilities,Gas,"Dillingham, AK, USA",,2070.0,AK,Name6014063,False,True,True,High
USA,Micro,Utilities,Gas,"Dillingham, AK, USA",,2070.0,AK,Name6014065,False,True,True,Low
USA,Micro,Utilities,Gas,"Dillingham, AK, USA",,2070.0,AK,Name6014067,True,False,False,High
USA,Micro,Utilities,Gas,"Dillingham, AK, USA",,2070.0,AK,Name6014068,True,True,False,Medium
USA,Micro,Utilities,Gas,"Dillingham, AK, USA",,2070.0,AK,Name6014071,True,False,False,Low
USA,Micro,Utilities,Gas,"Dillingham, AK, USA",,2070.0,AK,Name6014072,False,True,False,Low
USA,Micro,Utilities,Gas,"Dillingham, AK, USA",,2070.0,AK,Name6014073,True,False,False,Low
USA,Micro,Utilities,Gas,"Dillingham, AK, USA",,2070.0,AK,Name6014074,True,False,False,Medium
USA,Micro,Utilities,Gas,"Dillingham, AK, USA",,2070.0,AK,Name6014075,True,False,False,Severe
USA,Micro,Utilities,Gas,"Dillingham, AK, USA",,2070.0,AK,Name6014076,True,False,False,Severe
USA,Micro,Utilities,Gas,"Dillingham, AK, USA",,2070.0,AK,Name6014077,False,True,True,High
USA,Micro,Utilities,Gas,"Dillingham, AK, USA",,2070.0,AK,Name6014078,False,False,True,Severe
USA,Micro,Utilities,Gas,"Dillingham, AK, USA",,2070.0,AK,Name6014079,True,True,False,High
USA,Micro,Utilities,Gas,"Dillingham, AK, USA",,2070.0,AK,Name6014080,True,True,False,Medium
USA,Micro,Utilities,Gas,"Dillingham, AK, USA",,2070.0,AK,Name6014081,False,True,False,Low
USA,Micro,Utilities,Gas,"Dillingham, AK, USA",,2070.0,AK,Name6014082,True,True,False,Medium
USA,Micro,Utilities,Gas,"Dillingham, AK, USA",,2070.0,AK,Name6014083,True,True,False,Low
USA,Micro,Real Estate,Residential,"Dillingham, AK, USA",,2070.0,AK,Name6014084,True,False,False,Medium
USA,Micro,Real Estate,Residential,"Dillingham, AK, USA",,2070.0,AK,Name6014086,True,True,False,Medium
USA,Micro,Real Estate,Residential,"Dillingham, AK, USA",,2070.0,AK,Name6014087,True,False,False,Medium
USA,Micro,Real Estate,Residential,"Dillingham, AK, USA",,2070.0,AK,Name6014088,False,True,False,High
USA,Micro,Real Estate,Residential,"Dillingham, AK, USA",,2070.0,AK,Name6014089,False,True,False,Low
USA,Micro,Real Estate,Residential,"Dillingham, AK, USA",,2070.0,AK,Name6014091,False,True,True,Severe
USA,Micro,Real Estate,Residential,"Dillingham, AK, USA",,2070.0,AK,Name6014092,True,False,False,High
USA,Micro,Real Estate,Residential,"Dillingham, AK, USA",,2070.0,AK,Name6014093,True,True,False,Severe
USA,Micro,Real Estate,Residential,"Dillingham, AK, USA",,2070.0,AK,Name6014094,True,True,False,Severe
USA,Micro,Real Estate,Residential,"Dillingham, AK, USA",,2070.0,AK,Name6014095,True,True,False,Medium
USA,Micro,Real Estate,Residential,"Dillingham, AK, USA",,2070.0,AK,Name6014096,True,True,False,Low
USA,Micro,Real Estate,Residential,"Dillingham, AK, USA",,2070.0,AK,Name6014097,False,True,True,High
USA,Micro,Real Estate,Residential,"Dillingham, AK, USA",,2070.0,AK,Name6014098,False,True,False,Medium
USA,Micro,Real Estate,Residential,"Dillingham, AK, USA",,2070.0,AK,Name6014099,True,False,False,Medium
USA,Micro,Real Estate,Residential,"Dillingham, AK, USA",,2070.0,AK,Name6014100,False,True,False,High
USA,Micro,Real Estate,Residential,"Dillingham, AK, USA",,2070.0,AK,Name6014101,True,True,False,Severe
USA,Micro,Real Estate,Residential,"Dillingham, AK, USA",,2070.0,AK,Name6014102,True,True,False,High
USA,Micro,Real Estate,Commercial,"Dillingham, AK, USA",,2070.0,AK,Name6014104,True,True,False,High
USA,Micro,Real Estate,Commercial,"Dillingham, AK, USA",,2070.0,AK,Name6014105,True,True,False,Medium
USA,Micro,Real Estate,Commercial,"Dillingham, AK, USA",,2070.0,AK,Name6014106,True,True,False,Severe
USA,Micro,Real Estate,Commercial,"Dillingham, AK, USA",,2070.0,AK,Name6014107,False,False,True,Medium
USA,Micro,Real Estate,Commercial,"Dillingham, AK, USA",,2070.0,AK,Name6014108,True,True,False,High
USA,Micro,Real Estate,Commercial,"Dillingham, AK, USA",,2070.0,AK,Name6014109,False,True,False,High
USA,Micro,Real Estate,Commercial,"Dillingham, AK, USA",,2070.0,AK,Name6014112,False,True,True,High
USA,Micro,Real Estate,Commercial,"Dillingham, AK, USA",,2070.0,AK,Name6014113,False,True,True,Medium
USA,Micro,Real Estate,Commercial,"Dillingham, AK, USA",,2070.0,AK,Name6014114,False,False,True,Medium
USA,Micro,Real Estate,Commercial,"Dillingham, AK, USA",,2070.0,AK,Name6014115,True,False,False,Medium
USA,Micro,Real Estate,Commercial,"Dillingham, AK, USA",,2070.0,AK,Name6014117,False,True,False,Severe
USA,Micro,Real Estate,Commercial,"Dillingham, AK, USA",,2070.0,AK,Name6014118,True,True,False,Severe
USA,Micro,Real Estate,Commercial,"Dillingham, AK, USA",,2070.0,AK,Name6014119,True,True,False,Low
USA,Micro,Real Estate,Commercial,"Dillingham, AK, USA",,2070.0,AK,Name6014120,False,True,False,Severe
USA,Micro,Real Estate,Commercial,"Dillingham, AK, USA",,2070.0,AK,Name6014121,True,False,False,High
USA,Micro,Real Estate,Commercial,"Dillingham, AK, USA",,2070.0,AK,Name6014122,True,True,False,Severe
USA,Micro,Real Estate,Commercial,"Dillingham, AK, USA",,2070.0,AK,Name6014123,True,True,False,Severe
USA,Micro,Real Estate,Commercial,"Dillingham, AK, USA",,2070.0,AK,Name6014124,True,True,False,Severe
USA,Micro,Real Estate,Commercial,"Dillingham, AK, USA",,2070.0,AK,Name6014126,False,False,True,Medium
USA,Micro,Real Estate,Commercial,"Dillingham, AK, USA",,2070.0,AK,Name6014127,True,False,False,Medium
USA,Micro,Real Estate,Commercial,"Dillingham, AK, USA",,2070.0,AK,Name6014128,False,False,True,High
USA,Micro,Real Estate,Commercial,"Dillingham, AK, USA",,2070.0,AK,Name6014129,True,True,False,Severe
USA,Micro,Real Estate,Commercial,"Dillingham, AK, USA",,2070.0,AK,Name6014130,True,False,False,Medium
USA,Micro,Real Estate,Commercial,"Dillingham, AK, USA",,2070.0,AK,Name6014131,True,True,False,Severe
USA,Micro,Real Estate,Commercial,"Dillingham, AK, USA",,2070.0,AK,Name6014132,False,True,False,High
USA,Micro,Real Estate,Commercial,"Dillingham, AK, USA",,2070.0,AK,Name6014133,True,True,False,High
USA,Micro,Real Estate,Commercial,"Dillingham, AK, USA",,2070.0,AK,Name6014134,False,False,True,Severe
USA,Micro,Real Estate,Commercial,"Dillingham, AK, USA",,2070.0,AK,Name6014135,False,True,True,Severe
USA,Micro,Real Estate,Commercial,"Dillingham, AK, USA",,2070.0,AK,Name6014136,True,True,False,Severe
USA,Micro,Real Estate,Commercial,"Dillingham, AK, USA",,2070.0,AK,Name6014137,True,False,False,High
USA,Micro,Real Estate,Commercial,"Dillingham, AK, USA",,2070.0,AK,Name6014138,True,False,False,Severe
USA,Micro,Real Estate,Commercial,"Dillingham, AK, USA",,2070.0,AK,Name6014139,True,True,False,Medium
USA,Micro,Real Estate,Commercial,"Dillingham, AK, USA",,2070.0,AK,Name6014142,True,True,False,High
USA,Micro,Real Estate,Commercial,"Dillingham, AK, USA",,2070.0,AK,Name6014143,True,True,False,Medium
USA,Micro,Real Estate,Commercial,"Dillingham, AK, USA",,2070.0,AK,Name6014144,True,False,False,Medium
USA,Micro,Real Estate,Commercial,"Dillingham, AK, USA",,2070.0,AK,Name6014145,False,False,True,Low
USA,Micro,Real Estate,Commercial,"Dillingham, AK, USA",,2070.0,AK,Name6014146,True,False,False,Medium
USA,Micro,Real Estate,Commercial,"Dillingham, AK, USA",,2070.0,AK,Name6014147,True,True,False,Low
USA,Micro,Real Estate,Industrial,"Dillingham, AK, USA",,2070.0,AK,Name6014148,False,True,False,Severe
USA,Micro,Real Estate,Industrial,"Dillingham, AK, USA",,2070.0,AK,Name6014149,False,True,True,High
USA,Micro,Real Estate,Industrial,"Dillingham, AK, USA",,2070.0,AK,Name6014150,False,True,False,Medium
USA,Micro,Real Estate,Industrial,"Dillingham, AK, USA",,2070.0,AK,Name6014151,True,True,False,Low
USA,Micro,Real Estate,Industrial,"Dillingham, AK, USA",,2070.0,AK,Name6014152,True,False,False,Medium
USA,Micro,Real Estate,Industrial,"Dillingham, AK, USA",,2070.0,AK,Name6014155,True,True,False,Severe
USA,Micro,Real Estate,Industrial,"Dillingham, AK, USA",,2070.0,AK,Name6014156,False,False,True,Low
USA,Micro,Real Estate,Industrial,"Dillingham, AK, USA",,2070.0,AK,Name6014157,False,False,True,High
USA,Micro,Real Estate,Industrial,"Dillingham, AK, USA",,2070.0,AK,Name6014158,False,True,True,Medium
USA,Micro,Telecommunications,Mobile,"Dillingham, AK, USA",,2070.0,AK,Name6014159,True,False,False,High
USA,Micro,Telecommunications,Mobile,"Dillingham, AK, USA",,2070.0,AK,Name6014160,True,False,False,High
USA,Micro,Telecommunications,Mobile,"Dillingham, AK, USA",,2070.0,AK,Name6014161,True,True,False,Medium
USA,Micro,Telecommunications,Mobile,"Dillingham, AK, USA",,2070.0,AK,Name6014162,False,False,True,High
USA,Micro,Telecommunications,Mobile,"Dillingham, AK, USA",,2070.0,AK,Name6014163,True,True,False,Severe
USA,Micro,Telecommunications,Mobile,"Dillingham, AK, USA",,2070.0,AK,Name6014164,True,True,False,Medium
USA,Micro,Telecommunications,Mobile,"Dillingham, AK, USA",,2070.0,AK,Name6014165,True,True,False,Low
USA,Micro,Telecommunications,Mobile,"Dillingham, AK, USA",,2070.0,AK,Name6014166,True,False,False,Severe
USA,Micro,Telecommunications,Mobile,"Dillingham, AK, USA",,2070.0,AK,Name6014167,True,False,False,High
USA,Micro,Telecommunications,Mobile,"Dillingham, AK, USA",,2070.0,AK,Name6014168,True,False,False,Medium
USA,Micro,Telecommunications,Mobile,"Dillingham, AK, USA",,2070.0,AK,Name6014169,False,True,False,Medium
USA,Micro,Telecommunications,Mobile,"Dillingham, AK, USA",,2070.0,AK,Name6014170,False,True,False,Low
USA,Micro,Telecommunications,Mobile,"Dillingham, AK, USA",,2070.0,AK,Name6014171,True,True,False,Medium
USA,Micro,Telecommunications,Mobile,"Dillingham, AK, USA",,2070.0,AK,Name6014172,True,True,False,High
USA,Micro,Telecommunications,Mobile,"Dillingham, AK, USA",,2070.0,AK,Name6014173,False,False,True,Low
USA,Micro,Telecommunications,Mobile,"Dillingham, AK, USA",,2070.0,AK,Name6014174,True,True,False,Severe
USA,Micro,Telecommunications,Mobile,"Dillingham, AK, USA",,2070.0,AK,Name6014175,False,False,True,Medium
USA,Micro,Telecommunications,Mobile,"Dillingham, AK, USA",,2070.0,AK,Name6014177,True,False,False,Severe
USA,Micro,Telecommunications,Mobile,"Dillingham, AK, USA",,2070.0,AK,Name6014179,True,True,False,Severe
USA,Micro,Telecommunications,Mobile,"Dillingham, AK, USA",,2070.0,AK,Name6014180,False,True,True,Severe
USA,Micro,Telecommunications,Broadband,"Dillingham, AK, USA",,2070.0,AK,Name6014181,True,True,False,Low
USA,Micro,Telecommunications,Broadband,"Dillingham, AK, USA",,2070.0,AK,Name6014182,False,True,True,Medium
USA,Micro,Telecommunications,Broadband,"Dillingham, AK, USA",,2070.0,AK,Name6014183,True,False,False,Medium
USA,Micro,Telecommunications,Broadband,"Dillingham, AK, USA",,2070.0,AK,Name6014184,True,False,False,Medium
USA,Micro,Telecommunications,Broadband,"Dillingham, AK, USA",,2070.0,AK,Name6014185,False,False,True,Medium
USA,Micro,Telecommunications,Broadband,"Dillingham, AK, USA",,2070.0,AK,Name6014186,True,False,False,Medium
USA,Micro,Telecommunications,Broadband,"Dillingham, AK, USA",,2070.0,AK,Name6014188,True,False,False,Low
USA,Micro,Telecommunications,Broadband,"Dillingham, AK, USA",,2070.0,AK,Name6014189,False,True,False,Severe
USA,Micro,Telecommunications,Broadband,"Dillingham, AK, USA",,2070.0,AK,Name6014190,True,False,False,Medium
USA,Micro,Telecommunications,Broadband,"Dillingham, AK, USA",,2070.0,AK,Name6014191,True,False,False,Low
USA,Micro,Telecommunications,Broadband,"Dillingham, AK, USA",,2070.0,AK,Name6014192,False,True,True,Severe
USA,Micro,Telecommunications,Broadband,"Dillingham, AK, USA",,2070.0,AK,Name6014193,True,True,False,Low
USA,Micro,Telecommunications,Broadband,"Dillingham, AK, USA",,2070.0,AK,Name6014194,True,False,False,Severe
USA,Micro,Telecommunications,Broadband,"Dillingham, AK, USA",,2070.0,AK,Name6014195,False,False,True,High
USA,Micro,Telecommunications,Broadband,"Dillingham, AK, USA",,2070.0,AK,Name6014196,False,True,True,Low
USA,Micro,Telecommunications,Broadband,"Dillingham, AK, USA",,2070.0,AK,Name6014197,True,True,False,Severe
USA,Micro,Telecommunications,Broadband,"Dillingham, AK, USA",,2070.0,AK,Name6014198,True,False,False,Low
USA,Micro,Telecommunications,Broadband,"Dillingham, AK, USA",,2070.0,AK,Name6014199,False,True,True,Medium
USA,Micro,Telecommunications,Broadband,"Dillingham, AK, USA",,2070.0,AK,Name6014200,False,False,True,Medium
USA,Micro,Telecommunications,Broadband,"Dillingham, AK, USA",,2070.0,AK,Name6014202,True,False,False,Low
USA,Micro,Telecommunications,Broadband,"Dillingham, AK, USA",,2070.0,AK,Name6014203,False,False,True,High
USA,Micro,Telecommunications,Broadband,"Dillingham, AK, USA",,2070.0,AK,Name6014205,True,True,False,Medium
USA,Micro,Telecommunications,Broadband,"Dillingham, AK, USA",,2070.0,AK,Name6014206,False,True,True,High
USA,Micro,Telecommunications,Broadband,"Dillingham, AK, USA",,2070.0,AK,Name6014207,True,False,False,Low
USA,Micro,Telecommunications,Broadband,"Dillingham, AK, USA",,2070.0,AK,Name6014208,False,True,True,High
USA,Micro,Telecommunications,Broadband,"Dillingham, AK, USA",,2070.0,AK,Name6014209,True,False,False,Low
USA,Micro,Telecommunications,Broadband,"Dillingham, AK, USA",,2070.0,AK,Name6014210,False,True,True,High
USA,Micro,Telecommunications,Broadband,"Dillingham, AK, USA",,2070.0,AK,Name6014211,True,True,False,Severe
USA,Micro,Telecommunications,Broadband,"Dillingham, AK, USA",,2070.0,AK,Name6014212,True,False,False,Low
USA,Micro,Telecommunications,Broadband,"Dillingham, AK, USA",,2070.0,AK,Name6014213,False,True,True,High
USA,Micro,Telecommunications,Broadband,"Dillingham, AK, USA",,2070.0,AK,Name6014214,True,False,False,High
USA,Micro,Telecommunications,Broadband,"Dillingham, AK, USA",,2070.0,AK,Name6014215,True,False,False,High
USA,Micro,Telecommunications,Broadband,"Dillingham, AK, USA",,2070.0,AK,Name6014216,False,True,True,Medium
USA,Micro,Telecommunications,Broadband,"Dillingham, AK, USA",,2070.0,AK,Name6014217,False,False,True,Low
USA,Micro,Telecommunications,Broadband,"Dillingham, AK, USA",,2070.0,AK,Name6014218,True,False,False,Medium
USA,Micro,Telecommunications,Broadband,"Dillingham, AK, USA",,2070.0,AK,Name6014219,True,True,False,Medium
USA,Micro,Telecommunications,Satellite,"Dillingham, AK, USA",,2070.0,AK,Name6014220,True,False,False,Low
USA,Micro,Telecommunications,Satellite,"Dillingham, AK, USA",,2070.0,AK,Name6014221,True,False,False,Medium
USA,Micro,Telecommunications,Satellite,"Dillingham, AK, USA",,2070.0,AK,Name6014222,True,True,False,High
USA,Micro,Telecommunications,Satellite,"Dillingham, AK, USA",,2070.0,AK,Name6014223,False,True,False,High
USA,Micro,Telecommunications,Satellite,"Dillingham, AK, USA",,2070.0,AK,Name6014224,False,False,True,High
USA,Micro,Telecommunications,Satellite,"Dillingham, AK, USA",,2070.0,AK,Name6014225,False,True,True,High
USA,Micro,Telecommunications,Satellite,"Dillingham, AK, USA",,2070.0,AK,Name6014226,False,True,False,High
USA,Micro,Telecommunications,Satellite,"Dillingham, AK, USA",,2070.0,AK,Name6014227,True,False,False,Medium
USA,Micro,Telecommunications,Satellite,"Dillingham, AK, USA",,2070.0,AK,Name6014228,True,False,False,Low
USA,Micro,Telecommunications,Satellite,"Dillingham, AK, USA",,2070.0,AK,Name6014230,True,True,False,Medium
USA,Micro,Telecommunications,Satellite,"Dillingham, AK, USA",,2070.0,AK,Name6014231,True,False,False,Severe
USA,Micro,Telecommunications,Satellite,"Dillingham, AK, USA",,2070.0,AK,Name6014232,True,True,False,Low
USA,Micro,Telecommunications,Satellite,"Dillingham, AK, USA",,2070.0,AK,Name6014233,False,True,False,Severe
USA,Micro,Telecommunications,Satellite,"Dillingham, AK, USA",,2070.0,AK,Name6014234,True,True,False,High
USA,Micro,Telecommunications,Satellite,"Dillingham, AK, USA",,2070.0,AK,Name6014235,True,False,False,Medium
USA,Micro,Telecommunications,Satellite,"Dillingham, AK, USA",,2070.0,AK,Name6014236,False,True,False,High
USA,Micro,Telecommunications,Satellite,"Dillingham, AK, USA",,2070.0,AK,Name6014237,True,True,False,Medium
USA,Micro,Telecommunications,Satellite,"Dillingham, AK, USA",,2070.0,AK,Name6014238,True,True,False,Medium
USA,Micro,Telecommunications,Satellite,"Dillingham, AK, USA",,2070.0,AK,Name6014239,True,False,False,High
USA,Micro,Telecommunications,Satellite,"Dillingham, AK, USA",,2070.0,AK,Name6014240,False,False,True,Severe
USA,Micro,Telecommunications,Satellite,"Dillingham, AK, USA",,2070.0,AK,Name6014241,False,True,True,High
USA,Micro,Telecommunications,Satellite,"Dillingham, AK, USA",,2070.0,AK,Name6014243,True,False,False,Medium
USA,Micro,Telecommunications,Satellite,"Dillingham, AK, USA",,2070.0,AK,Name6014244,False,False,True,Low
USA,Micro,Telecommunications,Satellite,"Dillingham, AK, USA",,2070.0,AK,Name6014245,True,True,False,Low
USA,Micro,Telecommunications,Satellite,"Dillingham, AK, USA",,2070.0,AK,Name6014246,False,True,False,Severe
USA,Micro,Telecommunications,Satellite,"Dillingham, AK, USA",,2070.0,AK,Name6014247,True,True,False,Low
USA,Micro,Telecommunications,Satellite,"Dillingham, AK, USA",,2070.0,AK,Name6014248,True,False,False,Severe
USA,Micro,Telecommunications,Satellite,"Dillingham, AK, USA",,2070.0,AK,Name6014249,True,False,False,Severe
USA,Micro,Telecommunications,Satellite,"Dillingham, AK, USA",,2070.0,AK,Name6014250,False,True,False,Low
USA,Micro,Telecommunications,Satellite,"Dillingham, AK, USA",,2070.0,AK,Name6014251,False,True,False,Low
USA,Micro,Materials,Chemicals,"Dillingham, AK, USA",,2070.0,AK,Name6014252,True,True,False,High
USA,Micro,Materials,Chemicals,"Dillingham, AK, USA",,2070.0,AK,Name6014253,True,False,False,Medium
USA,Micro,Materials,Chemicals,"Dillingham, AK, USA",,2070.0,AK,Name6014254,False,False,True,High
USA,Micro,Materials,Chemicals,"Dillingham, AK, USA",,2070.0,AK,Name6014255,True,True,False,Severe
USA,Micro,Materials,Chemicals,"Dillingham, AK, USA",,2070.0,AK,Name6014256,False,True,True,Medium
USA,Micro,Materials,Chemicals,"Dillingham, AK, USA",,2070.0,AK,Name6014257,False,True,True,Severe
USA,Micro,Materials,Chemicals,"Dillingham, AK, USA",,2070.0,AK,Name6014258,False,True,False,High
USA,Micro,Materials,Chemicals,"Dillingham, AK, USA",,2070.0,AK,Name6014259,True,True,False,Medium
USA,Micro,Materials,Chemicals,"Dillingham, AK, USA",,2070.0,AK,Name6014260,True,True,False,Severe
USA,Micro,Materials,Chemicals,"Dillingham, AK, USA",,2070.0,AK,Name6014261,True,True,False,Medium
USA,Micro,Materials,Chemicals,"Dillingham, AK, USA",,2070.0,AK,Name6014262,False,False,True,High
USA,Micro,Materials,Chemicals,"Dillingham, AK, USA",,2070.0,AK,Name6014263,False,False,True,Severe
USA,Micro,Materials,Chemicals,"Dillingham, AK, USA",,2070.0,AK,Name6014264,True,True,False,Severe
USA,Micro,Materials,Chemicals,"Dillingham, AK, USA",,2070.0,AK,Name6014265,False,True,True,Severe
USA,Micro,Materials,Chemicals,"Dillingham, AK, USA",,2070.0,AK,Name6014266,False,True,True,Severe
USA,Micro,Materials,Chemicals,"Dillingham, AK, USA",,2070.0,AK,Name6014267,True,True,False,Severe
USA,Micro,Materials,Chemicals,"Dillingham, AK, USA",,2070.0,AK,Name6014268,True,True,False,High
USA,Micro,Materials,Chemicals,"Dillingham, AK, USA",,2070.0,AK,Name6014269,False,True,False,High
USA,Micro,Materials,Chemicals,"Dillingham, AK, USA",,2070.0,AK,Name6014270,True,True,False,Low
USA,Micro,Materials,Metals & Mining,"Dillingham, AK, USA",,2070.0,AK,Name6014271,False,True,True,Low
USA,Micro,Materials,Metals & Mining,"Dillingham, AK, USA",,2070.0,AK,Name6014272,True,True,False,High
USA,Micro,Materials,Metals & Mining,"Dillingham, AK, USA",,2070.0,AK,Name6014273,True,False,False,Low
USA,Micro,Materials,Metals & Mining,"Dillingham, AK, USA",,2070.0,AK,Name6014274,True,False,False,Medium
USA,Micro,Materials,Metals & Mining,"Dillingham, AK, USA",,2070.0,AK,Name6014275,False,True,True,Severe
USA,Micro,Materials,Metals & Mining,"Dillingham, AK, USA",,2070.0,AK,Name6014276,True,False,False,Low
USA,Micro,Materials,Metals & Mining,"Dillingham, AK, USA",,2070.0,AK,Name6014278,True,True,False,High
USA,Micro,Materials,Metals & Mining,"Dillingham, AK, USA",,2070.0,AK,Name6014279,True,False,False,Low
USA,Micro,Materials,Metals & Mining,"Dillingham, AK, USA",,2070.0,AK,Name6014280,True,True,False,Medium
USA,Micro,Materials,Metals & Mining,"Dillingham, AK, USA",,2070.0,AK,Name6014281,False,True,False,Medium
USA,Micro,Materials,Metals & Mining,"Dillingham, AK, USA",,2070.0,AK,Name6014282,False,False,True,Medium
USA,Micro,Materials,Metals & Mining,"Dillingham, AK, USA",,2070.0,AK,Name6014283,True,True,False,Severe
USA,Micro,Materials,Metals & Mining,"Dillingham, AK, USA",,2070.0,AK,Name6014284,False,False,True,Medium
USA,Micro,Materials,Metals & Mining,"Dillingham, AK, USA",,2070.0,AK,Name6014286,True,False,False,High
USA,Micro,Materials,Metals & Mining,"Dillingham, AK, USA",,2070.0,AK,Name6014287,True,False,False,Severe
USA,Micro,Materials,Metals & Mining,"Dillingham, AK, USA",,2070.0,AK,Name6014288,True,True,False,Medium
USA,Micro,Materials,Metals & Mining,"Dillingham, AK, USA",,2070.0,AK,Name6014289,True,False,False,Severe
USA,Micro,Materials,Metals & Mining,"Dillingham, AK, USA",,2070.0,AK,Name6014290,True,False,False,High
USA,Micro,Materials,Metals & Mining,"Dillingham, AK, USA",,2070.0,AK,Name6014291,False,True,True,Severe
USA,Micro,Materials,Metals & Mining,"Dillingham, AK, USA",,2070.0,AK,Name6014292,False,True,True,Severe
USA,Micro,Materials,Metals & Mining,"Dillingham, AK, USA",,2070.0,AK,Name6014293,True,True,False,High
USA,Micro,Materials,Construction Materials,"Dillingham, AK, USA",,2070.0,AK,Name6014294,False,True,False,High
USA,Micro,Materials,Construction Materials,"Dillingham, AK, USA",,2070.0,AK,Name6014295,False,True,True,Medium
USA,Micro,Materials,Construction Materials,"Dillingham, AK, USA",,2070.0,AK,Name6014296,True,True,False,Low
USA,Micro,Materials,Construction Materials,"Dillingham, AK, USA",,2070.0,AK,Name6014297,False,False,True,Low
USA,Micro,Materials,Construction Materials,"Dillingham, AK, USA",,2070.0,AK,Name6014298,True,True,False,Low
USA,Micro,Materials,Construction Materials,"Dillingham, AK, USA",,2070.0,AK,Name6014299,True,True,False,Low
USA,Micro,Materials,Construction Materials,"Dillingham, AK, USA",,2070.0,AK,Name6014300,True,False,False,Severe
USA,Micro,Materials,Construction Materials,"Dillingham, AK, USA",,2070.0,AK,Name6014301,True,True,False,Low
USA,Micro,Materials,Construction Materials,"Dillingham, AK, USA",,2070.0,AK,Name6014302,False,True,False,High
USA,Micro,Materials,Construction Materials,"Dillingham, AK, USA",,2070.0,AK,Name6014304,False,True,True,Medium
USA,Micro,Materials,Construction Materials,"Dillingham, AK, USA",,2070.0,AK,Name6014305,True,True,False,High
USA,Micro,Materials,Construction Materials,"Dillingham, AK, USA",,2070.0,AK,Name6014306,True,True,False,High
USA,Micro,Materials,Construction Materials,"Dillingham, AK, USA",,2070.0,AK,Name6014307,True,True,False,Severe
USA,Micro,Materials,Construction Materials,"Dillingham, AK, USA",,2070.0,AK,Name6014308,True,True,False,Low
USA,Micro,Materials,Construction Materials,"Dillingham, AK, USA",,2070.0,AK,Name6014309,True,True,False,Medium
USA,Micro,Materials,Construction Materials,"Dillingham, AK, USA",,2070.0,AK,Name6014310,False,False,True,Medium
USA,Micro,Materials,Construction Materials,"Dillingham, AK, USA",,2070.0,AK,Name6014311,False,True,True,Low
USA,Micro,Materials,Construction Materials,"Dillingham, AK, USA",,2070.0,AK,Name6014312,True,True,False,High
USA,Micro,Materials,Construction Materials,"Dillingham, AK, USA",,2070.0,AK,Name6014313,True,True,False,Low
USA,Micro,Materials,Construction Materials,"Dillingham, AK, USA",,2070.0,AK,Name6014314,False,True,False,Medium
USA,Micro,Materials,Construction Materials,"Dillingham, AK, USA",,2070.0,AK,Name6014315,True,True,False,Low
USA,Micro,Materials,Construction Materials,"Dillingham, AK, USA",,2070.0,AK,Name6014316,True,True,False,Medium
USA,Micro,Materials,Construction Materials,"Dillingham, AK, USA",,2070.0,AK,Name6014318,True,True,False,Severe
USA,Micro,Materials,Construction Materials,"Dillingham, AK, USA",,2070.0,AK,Name6014319,False,True,True,High
USA,Micro,Materials,Construction Materials,"Dillingham, AK, USA",,2070.0,AK,Name6014320,False,True,True,High
USA,Micro,Materials,Construction Materials,"Dillingham, AK, USA",,2070.0,AK,Name6014321,False,False,True,Severe
USA,Micro,Materials,Construction Materials,"Dillingham, AK, USA",,2070.0,AK,Name6014322,True,True,False,High
USA,Micro,Materials,Construction Materials,"Dillingham, AK, USA",,2070.0,AK,Name6014323,True,False,False,Medium
USA,Micro,Materials,Construction Materials,"Dillingham, AK, USA",,2070.0,AK,Name6014324,False,False,True,Medium
USA,Micro,Materials,Construction Materials,"Dillingham, AK, USA",,2070.0,AK,Name6014325,False,True,False,High
USA,Micro,Materials,Construction Materials,"Dillingham, AK, USA",,2070.0,AK,Name6014327,False,False,True,Severe
USA,Micro,Industrials,Aerospace & Defense,"Dillingham, AK, USA",,2070.0,AK,Name6014329,False,True,False,Severe
USA,Micro,Industrials,Aerospace & Defense,"Dillingham, AK, USA",,2070.0,AK,Name6014330,False,True,False,High
USA,Micro,Industrials,Aerospace & Defense,"Dillingham, AK, USA",,2070.0,AK,Name6014331,True,True,False,Low
USA,Micro,Industrials,Aerospace & Defense,"Dillingham, AK, USA",,2070.0,AK,Name6014332,True,True,False,Medium
USA,Micro,Industrials,Aerospace & Defense,"Dillingham, AK, USA",,2070.0,AK,Name6014333,False,True,True,Low
USA,Micro,Industrials,Aerospace & Defense,"Dillingham, AK, USA",,2070.0,AK,Name6014334,False,True,False,Low
USA,Micro,Industrials,Aerospace & Defense,"Dillingham, AK, USA",,2070.0,AK,Name6014335,True,False,False,High
USA,Micro,Industrials,Aerospace & Defense,"Dillingham, AK, USA",,2070.0,AK,Name6014336,True,True,False,Low
USA,Micro,Industrials,Aerospace & Defense,"Dillingham, AK, USA",,2070.0,AK,Name6014337,True,False,False,Severe
USA,Micro,Industrials,Aerospace & Defense,"Dillingham, AK, USA",,2070.0,AK,Name6014338,True,False,False,Medium
USA,Micro,Industrials,Aerospace & Defense,"Dillingham, AK, USA",,2070.0,AK,Name6014339,False,True,False,Severe
USA,Micro,Industrials,Aerospace & Defense,"Dillingham, AK, USA",,2070.0,AK,Name6014340,True,False,False,Severe
USA,Micro,Industrials,Aerospace & Defense,"Dillingham, AK, USA",,2070.0,AK,Name6014341,True,False,False,High
USA,Micro,Industrials,Aerospace & Defense,"Dillingham, AK, USA",,2070.0,AK,Name6014342,False,False,True,Low
USA,Micro,Industrials,Aerospace & Defense,"Dillingham, AK, USA",,2070.0,AK,Name6014343,False,True,False,Medium
USA,Micro,Industrials,Aerospace & Defense,"Dillingham, AK, USA",,2070.0,AK,Name6014344,False,True,False,Low
USA,Micro,Industrials,Aerospace & Defense,"Dillingham, AK, USA",,2070.0,AK,Name6014346,True,True,False,Severe
USA,Micro,Industrials,Aerospace & Defense,"Dillingham, AK, USA",,2070.0,AK,Name6014347,True,False,False,Low
USA,Micro,Industrials,Machinery,"Dillingham, AK, USA",,2070.0,AK,Name6014348,False,True,False,High
USA,Micro,Industrials,Machinery,"Dillingham, AK, USA",,2070.0,AK,Name6014349,False,False,True,Low
USA,Micro,Industrials,Machinery,"Dillingham, AK, USA",,2070.0,AK,Name6014350,True,True,False,Low
USA,Micro,Industrials,Machinery,"Dillingham, AK, USA",,2070.0,AK,Name6014351,True,True,False,Low
USA,Micro,Industrials,Machinery,"Dillingham, AK, USA",,2070.0,AK,Name6014352,False,True,False,Severe
USA,Micro,Industrials,Machinery,"Dillingham, AK, USA",,2070.0,AK,Name6014353,False,True,True,Low
USA,Micro,Industrials,Machinery,"Dillingham, AK, USA",,2070.0,AK,Name6014354,True,True,False,High
USA,Micro,Industrials,Machinery,"Dillingham, AK, USA",,2070.0,AK,Name6014355,True,True,False,Medium
USA,Micro,Industrials,Machinery,"Dillingham, AK, USA",,2070.0,AK,Name6014356,False,True,True,Medium
USA,Micro,Industrials,Machinery,"Dillingham, AK, USA",,2070.0,AK,Name6014357,True,False,False,High
USA,Micro,Industrials,Machinery,"Dillingham, AK, USA",,2070.0,AK,Name6014358,True,True,False,Low
USA,Micro,Industrials,Machinery,"Dillingham, AK, USA",,2070.0,AK,Name6014359,True,False,False,Medium
USA,Micro,Industrials,Machinery,"Dillingham, AK, USA",,2070.0,AK,Name6014360,False,False,True,Medium
USA,Micro,Industrials,Machinery,"Dillingham, AK, USA",,2070.0,AK,Name6014361,False,True,True,Low
USA,Micro,Industrials,Machinery,"Dillingham, AK, USA",,2070.0,AK,Name6014362,True,False,False,Low
USA,Micro,Industrials,Machinery,"Dillingham, AK, USA",,2070.0,AK,Name6014363,True,True,False,High
USA,Micro,Industrials,Machinery,"Dillingham, AK, USA",,2070.0,AK,Name6014364,False,True,False,Low
USA,Micro,Industrials,Machinery,"Dillingham, AK, USA",,2070.0,AK,Name6014365,True,True,False,High
USA,Micro,Industrials,Machinery,"Dillingham, AK, USA",,2070.0,AK,Name6014366,True,True,False,Medium
USA,Micro,Industrials,Machinery,"Dillingham, AK, USA",,2070.0,AK,Name6014367,True,False,False,Low
USA,Micro,Industrials,Machinery,"Dillingham, AK, USA",,2070.0,AK,Name6014368,True,True,False,Low
USA,Micro,Industrials,Machinery,"Dillingham, AK, USA",,2070.0,AK,Name6014369,False,True,False,Severe
USA,Micro,Industrials,Machinery,"Dillingham, AK, USA",,2070.0,AK,Name6014370,False,True,False,Low
USA,Micro,Industrials,Machinery,"Dillingham, AK, USA",,2070.0,AK,Name6014371,True,False,False,Severe
USA,Micro,Industrials,Machinery,"Dillingham, AK, USA",,2070.0,AK,Name6014372,True,True,False,High
USA,Micro,Industrials,Machinery,"Dillingham, AK, USA",,2070.0,AK,Name6014373,False,True,False,Medium
USA,Micro,Industrials,Machinery,"Dillingham, AK, USA",,2070.0,AK,Name6014374,True,True,False,High
USA,Micro,Industrials,Machinery,"Dillingham, AK, USA",,2070.0,AK,Name6014375,True,False,False,Low
USA,Micro,Industrials,Machinery,"Dillingham, AK, USA",,2070.0,AK,Name6014376,True,False,False,Severe
USA,Micro,Industrials,Machinery,"Dillingham, AK, USA",,2070.0,AK,Name6014377,True,False,False,High
USA,Micro,Industrials,Machinery,"Dillingham, AK, USA",,2070.0,AK,Name6014378,True,True,False,Low
USA,Micro,Industrials,Machinery,"Dillingham, AK, USA",,2070.0,AK,Name6014379,True,False,False,High
USA,Micro,Industrials,Machinery,"Dillingham, AK, USA",,2070.0,AK,Name6014380,True,False,False,Low
USA,Micro,Industrials,Machinery,"Dillingham, AK, USA",,2070.0,AK,Name6014381,True,True,False,High
USA,Micro,Industrials,Machinery,"Dillingham, AK, USA",,2070.0,AK,Name6014382,False,True,False,Severe
USA,Micro,Industrials,Machinery,"Dillingham, AK, USA",,2070.0,AK,Name6014383,True,False,False,High
USA,Micro,Industrials,Machinery,"Dillingham, AK, USA",,2070.0,AK,Name6014384,False,True,True,Severe
USA,Micro,Industrials,Machinery,"Dillingham, AK, USA",,2070.0,AK,Name6014385,False,False,True,Low
USA,Micro,Industrials,Machinery,"Dillingham, AK, USA",,2070.0,AK,Name6014386,True,False,False,Low
USA,Micro,Industrials,Machinery,"Dillingham, AK, USA",,2070.0,AK,Name6014387,True,False,False,Medium
USA,Micro,Industrials,Machinery,"Dillingham, AK, USA",,2070.0,AK,Name6014388,True,True,False,Medium
USA,Micro,Industrials,Machinery,"Dillingham, AK, USA",,2070.0,AK,Name6014389,True,True,False,Low
USA,Micro,Industrials,Machinery,"Dillingham, AK, USA",,2070.0,AK,Name6014390,True,True,False,Low
USA,Micro,Industrials,Industrial Services,"Dillingham, AK, USA",,2070.0,AK,Name6014391,False,True,False,Medium
USA,Micro,Industrials,Industrial Services,"Dillingham, AK, USA",,2070.0,AK,Name6014392,True,True,False,Severe
USA,Micro,Industrials,Industrial Services,"Dillingham, AK, USA",,2070.0,AK,Name6014393,False,True,False,Severe
USA,Micro,Industrials,Industrial Services,"Dillingham, AK, USA",,2070.0,AK,Name6014394,True,False,False,Medium
USA,Micro,Industrials,Industrial Services,"Dillingham, AK, USA",,2070.0,AK,Name6014395,True,True,False,Medium
USA,Micro,Industrials,Industrial Services,"Dillingham, AK, USA",,2070.0,AK,Name6014396,True,True,False,High
USA,Micro,Industrials,Industrial Services,"Dillingham, AK, USA",,2070.0,AK,Name6014397,True,True,False,Medium
USA,Micro,Industrials,Industrial Services,"Dillingham, AK, USA",,2070.0,AK,Name6014398,False,False,True,Low
USA,Micro,Industrials,Industrial Services,"Dillingham, AK, USA",,2070.0,AK,Name6014399,True,True,False,Medium
USA,Micro,Industrials,Industrial Services,"Dillingham, AK, USA",,2070.0,AK,Name6014400,True,True,False,High
USA,Micro,Industrials,Industrial Services,"Dillingham, AK, USA",,2070.0,AK,Name6014401,True,False,False,Low
USA,Micro,Industrials,Industrial Services,"Dillingham, AK, USA",,2070.0,AK,Name6014402,True,False,False,Severe
USA,Micro,Industrials,Industrial Services,"Dillingham, AK, USA",,2070.0,AK,Name6014403,True,False,False,High
USA,Micro,Industrials,Industrial Services,"Dillingham, AK, USA",,2070.0,AK,Name6014405,False,True,True,High
USA,Micro,Industrials,Industrial Services,"Dillingham, AK, USA",,2070.0,AK,Name6014406,False,True,False,Medium
USA,Micro,Industrials,Industrial Services,"Dillingham, AK, USA",,2070.0,AK,Name6014407,True,False,False,Severe
USA,Micro,Industrials,Industrial Services,"Dillingham, AK, USA",,2070.0,AK,Name6014408,True,True,False,Severe
USA,Micro,Industrials,Industrial Services,"Dillingham, AK, USA",,2070.0,AK,Name6014409,False,True,True,High
USA,Micro,Industrials,Industrial Services,"Dillingham, AK, USA",,2070.0,AK,Name6014410,True,True,False,High
USA,Micro,Industrials,Industrial Services,"Dillingham, AK, USA",,2070.0,AK,Name6014411,True,False,False,High
USA,Micro,Industrials,Industrial Services,"Dillingham, AK, USA",,2070.0,AK,Name6014412,True,True,False,High
USA,Micro,Industrials,Industrial Services,"Dillingham, AK, USA",,2070.0,AK,Name6014414,True,True,False,Medium
USA,Micro,Industrials,Industrial Services,"Dillingham, AK, USA",,2070.0,AK,Name6014415,True,True,False,Medium
USA,Micro,Industrials,Industrial Services,"Dillingham, AK, USA",,2070.0,AK,Name6014416,False,True,False,High
USA,Micro,Industrials,Industrial Services,"Dillingham, AK, USA",,2070.0,AK,Name6014417,True,False,False,Medium
USA,Micro,Industrials,Industrial Services,"Dillingham, AK, USA",,2070.0,AK,Name6014418,True,True,False,High
USA,Micro,Industrials,Industrial Services,"Dillingham, AK, USA",,2070.0,AK,Name6014419,True,True,False,Low
USA,Micro,Industrials,Industrial Services,"Dillingham, AK, USA",,2070.0,AK,Name6014420,True,True,False,High
USA,Micro,Industrials,Industrial Services,"Dillingham, AK, USA",,2070.0,AK,Name6014422,True,True,False,Severe
USA,Micro,Industrials,Industrial Services,"Dillingham, AK, USA",,2070.0,AK,Name6014423,True,False,False,Severe
USA,Micro,Industrials,Industrial Services,"Dillingham, AK, USA",,2070.0,AK,Name6014424,True,True,False,Medium
USA,Micro,Consumer Services,Retail,"Dillingham, AK, USA",,2070.0,AK,Name6014426,True,True,False,Low
USA,Micro,Consumer Services,Retail,"Dillingham, AK, USA",,2070.0,AK,Name6014427,True,False,False,Low
USA,Micro,Consumer Services,Retail,"Dillingham, AK, USA",,2070.0,AK,Name6014428,True,True,False,Severe
USA,Micro,Consumer Services,Retail,"Dillingham, AK, USA",,2070.0,AK,Name6014429,True,True,False,Severe
USA,Micro,Consumer Services,Retail,"Dillingham, AK, USA",,2070.0,AK,Name6014430,False,True,True,High
USA,Micro,Consumer Services,Retail,"Dillingham, AK, USA",,2070.0,AK,Name6014431,False,True,False,Low
USA,Micro,Consumer Services,Retail,"Dillingham, AK, USA",,2070.0,AK,Name6014432,False,True,True,High
USA,Micro,Consumer Services,Retail,"Dillingham, AK, USA",,2070.0,AK,Name6014434,False,False,True,High
USA,Micro,Consumer Services,Retail,"Dillingham, AK, USA",,2070.0,AK,Name6014435,True,True,False,Low
USA,Micro,Consumer Services,Retail,"Dillingham, AK, USA",,2070.0,AK,Name6014438,True,True,False,Medium
USA,Micro,Consumer Services,Retail,"Dillingham, AK, USA",,2070.0,AK,Name6014440,True,False,False,Low
USA,Micro,Consumer Services,Retail,"Dillingham, AK, USA",,2070.0,AK,Name6014441,True,True,False,Medium
USA,Micro,Consumer Services,Retail,"Dillingham, AK, USA",,2070.0,AK,Name6014442,True,True,False,Medium
USA,Micro,Consumer Services,Retail,"Dillingham, AK, USA",,2070.0,AK,Name6014443,True,True,False,Low
USA,Micro,Consumer Services,Retail,"Dillingham, AK, USA",,2070.0,AK,Name6014444,False,False,True,High
USA,Micro,Consumer Services,Retail,"Dillingham, AK, USA",,2070.0,AK,Name6014445,True,False,False,Severe
USA,Micro,Consumer Services,Retail,"Dillingham, AK, USA",,2070.0,AK,Name6014446,True,False,False,Severe
USA,Micro,Consumer Services,Travel & Leisure,"Dillingham, AK, USA",,2070.0,AK,Name6014449,True,True,False,Low
USA,Micro,Consumer Services,Travel & Leisure,"Dillingham, AK, USA",,2070.0,AK,Name6014453,True,False,False,Severe
USA,Micro,Consumer Services,Travel & Leisure,"Dillingham, AK, USA",,2070.0,AK,Name6014454,True,False,False,High
USA,Micro,Consumer Services,Travel & Leisure,"Dillingham, AK, USA",,2070.0,AK,Name6014455,True,False,False,High
USA,Micro,Consumer Services,Travel & Leisure,"Dillingham, AK, USA",,2070.0,AK,Name6014456,False,True,True,High
USA,Micro,Consumer Services,Travel & Leisure,"Dillingham, AK, USA",,2070.0,AK,Name6014458,False,False,True,High
USA,Micro,Consumer Services,Travel & Leisure,"Dillingham, AK, USA",,2070.0,AK,Name6014459,False,False,True,Severe
USA,Micro,Consumer Services,Travel & Leisure,"Dillingham, AK, USA",,2070.0,AK,Name6014460,False,True,True,High
USA,Micro,Consumer Services,Travel & Leisure,"Dillingham, AK, USA",,2070.0,AK,Name6014461,False,False,True,Severe
USA,Micro,Consumer Services,Travel & Leisure,"Dillingham, AK, USA",,2070.0,AK,Name6014462,True,False,False,High
USA,Micro,Consumer Services,Travel & Leisure,"Dillingham, AK, USA",,2070.0,AK,Name6014463,True,True,False,Low
USA,Micro,Consumer Services,Travel & Leisure,"Dillingham, AK, USA",,2070.0,AK,Name6014464,False,True,True,Medium
USA,Micro,Consumer Services,Travel & Leisure,"Dillingham, AK, USA",,2070.0,AK,Name6014465,False,False,True,Severe
USA,Micro,Consumer Services,Travel & Leisure,"Dillingham, AK, USA",,2070.0,AK,Name6014466,False,True,False,Severe
USA,Micro,Consumer Services,Travel & Leisure,"Dillingham, AK, USA",,2070.0,AK,Name6014467,True,False,False,Low
USA,Micro,Consumer Services,Travel & Leisure,"Dillingham, AK, USA",,2070.0,AK,Name6014468,True,True,False,Medium
USA,Micro,Consumer Services,Travel & Leisure,"Dillingham, AK, USA",,2070.0,AK,Name6014469,False,False,True,Severe
USA,Micro,Consumer Services,Travel & Leisure,"Dillingham, AK, USA",,2070.0,AK,Name6014470,False,True,True,Low
USA,Micro,Consumer Services,Travel & Leisure,"Dillingham, AK, USA",,2070.0,AK,Name6014471,False,False,True,Low
USA,Micro,Consumer Services,Travel & Leisure,"Dillingham, AK, USA",,2070.0,AK,Name6014472,True,True,False,High
USA,Micro,Consumer Services,Travel & Leisure,"Dillingham, AK, USA",,2070.0,AK,Name6014473,True,False,False,Medium
USA,Micro,Consumer Services,Travel & Leisure,"Dillingham, AK, USA",,2070.0,AK,Name6014474,True,True,False,Medium
USA,Micro,Consumer Services,Travel & Leisure,"Dillingham, AK, USA",,2070.0,AK,Name6014475,True,False,False,High
USA,Micro,Consumer Services,Travel & Leisure,"Dillingham, AK, USA",,2070.0,AK,Name6014476,False,True,True,Low
USA,Micro,Consumer Services,Travel & Leisure,"Dillingham, AK, USA",,2070.0,AK,Name6014477,False,True,False,Medium
USA,Micro,Consumer Services,Travel & Leisure,"Dillingham, AK, USA",,2070.0,AK,Name6014478,False,False,True,High
USA,Micro,Consumer Services,Travel & Leisure,"Dillingham, AK, USA",,2070.0,AK,Name6014479,False,True,False,Severe
USA,Micro,Consumer Services,Travel & Leisure,"Dillingham, AK, USA",,2070.0,AK,Name6014480,False,False,True,Low
USA,Micro,Consumer Services,Travel & Leisure,"Dillingham, AK, USA",,2070.0,AK,Name6014481,False,True,False,Severe
USA,Micro,Consumer Services,Travel & Leisure,"Dillingham, AK, USA",,2070.0,AK,Name6014482,True,True,False,Low
USA,Micro,Consumer Services,Travel & Leisure,"Dillingham, AK, USA",,2070.0,AK,Name6014483,False,True,False,Low
USA,Micro,Consumer Services,Media,"Dillingham, AK, USA",,2070.0,AK,Name6014484,True,False,False,Medium
USA,Micro,Consumer Services,Media,"Dillingham, AK, USA",,2070.0,AK,Name6014485,False,True,False,Medium
USA,Micro,Consumer Services,Media,"Dillingham, AK, USA",,2070.0,AK,Name6014486,True,False,False,Low
USA,Micro,Consumer Services,Media,"Dillingham, AK, USA",,2070.0,AK,Name6014487,False,False,True,Medium
USA,Micro,Consumer Services,Media,"Dillingham, AK, USA",,2070.0,AK,Name6014488,True,False,False,Low
USA,Micro,Consumer Services,Media,"Dillingham, AK, USA",,2070.0,AK,Name6014489,True,True,False,Low
USA,Micro,Consumer Services,Media,"Dillingham, AK, USA",,2070.0,AK,Name6014491,True,False,False,Severe
USA,Micro,Consumer Services,Media,"Dillingham, AK, USA",,2070.0,AK,Name6014492,False,False,True,Medium
USA,Micro,Consumer Services,Media,"Dillingham, AK, USA",,2070.0,AK,Name6014493,True,True,False,Severe
USA,Micro,Consumer Services,Media,"Dillingham, AK, USA",,2070.0,AK,Name6014494,False,True,False,Medium
USA,Micro,Consumer Services,Media,"Dillingham, AK, USA",,2070.0,AK,Name6014495,True,False,False,Severe
USA,Micro,Transportation,Airlines,"Dillingham, AK, USA",,2070.0,AK,Name6014496,False,True,False,Medium
USA,Micro,Transportation,Airlines,"Dillingham, AK, USA",,2070.0,AK,Name6014497,True,True,False,High
USA,Micro,Transportation,Airlines,"Dillingham, AK, USA",,2070.0,AK,Name6014498,False,False,True,High
USA,Micro,Transportation,Airlines,"Dillingham, AK, USA",,2070.0,AK,Name6014499,False,True,False,Severe
USA,Micro,Transportation,Airlines,"Dillingham, AK, USA",,2070.0,AK,Name6014500,True,True,False,Low
USA,Micro,Transportation,Airlines,"Dillingham, AK, USA",,2070.0,AK,Name6014501,False,False,True,Severe
USA,Micro,Transportation,Airlines,"Dillingham, AK, USA",,2070.0,AK,Name6014502,False,False,True,Low
USA,Micro,Transportation,Airlines,"Dillingham, AK, USA",,2070.0,AK,Name6014503,True,False,False,High
USA,Micro,Transportation,Airlines,"Dillingham, AK, USA",,2070.0,AK,Name6014504,False,False,True,Severe
USA,Micro,Transportation,Airlines,"Dillingham, AK, USA",,2070.0,AK,Name6014506,False,True,False,Low
USA,Micro,Transportation,Airlines,"Dillingham, AK, USA",,2070.0,AK,Name6014507,True,False,False,Severe
USA,Micro,Transportation,Airlines,"Dillingham, AK, USA",,2070.0,AK,Name6014508,False,True,True,Medium
USA,Micro,Transportation,Airlines,"Dillingham, AK, USA",,2070.0,AK,Name6014509,False,False,True,High
USA,Micro,Transportation,Airlines,"Dillingham, AK, USA",,2070.0,AK,Name6014510,False,False,True,Severe
USA,Micro,Transportation,Airlines,"Dillingham, AK, USA",,2070.0,AK,Name6014512,False,False,True,Medium
USA,Micro,Transportation,Airlines,"Dillingham, AK, USA",,2070.0,AK,Name6014513,False,False,True,Severe
USA,Micro,Transportation,Airlines,"Dillingham, AK, USA",,2070.0,AK,Name6014514,False,True,True,Medium
USA,Micro,Transportation,Airlines,"Dillingham, AK, USA",,2070.0,AK,Name6014515,True,False,False,Medium
USA,Micro,Transportation,Airlines,"Dillingham, AK, USA",,2070.0,AK,Name6014516,False,False,True,High
USA,Micro,Transportation,Airlines,"Dillingham, AK, USA",,2070.0,AK,Name6014517,True,False,False,Low
USA,Micro,Transportation,Airlines,"Dillingham, AK, USA",,2070.0,AK,Name6014518,False,False,True,Low
USA,Micro,Transportation,Airlines,"Dillingham, AK, USA",,2070.0,AK,Name6014519,True,False,False,Severe
USA,Micro,Transportation,Airlines,"Dillingham, AK, USA",,2070.0,AK,Name6014520,False,True,True,Severe
USA,Micro,Transportation,Airlines,"Dillingham, AK, USA",,2070.0,AK,Name6014521,False,True,True,Severe
USA,Micro,Transportation,Airlines,"Dillingham, AK, USA",,2070.0,AK,Name6014522,False,True,False,Medium
USA,Micro,Transportation,Airlines,"Dillingham, AK, USA",,2070.0,AK,Name6014524,True,False,False,High
USA,Micro,Transportation,Airlines,"Dillingham, AK, USA",,2070.0,AK,Name6014525,True,True,False,High
USA,Micro,Transportation,Railroads,"Dillingham, AK, USA",,2070.0,AK,Name6014527,True,True,False,High
USA,Micro,Transportation,Railroads,"Dillingham, AK, USA",,2070.0,AK,Name6014528,True,False,False,Low
USA,Micro,Transportation,Railroads,"Dillingham, AK, USA",,2070.0,AK,Name6014529,False,True,True,Medium
USA,Micro,Transportation,Railroads,"Dillingham, AK, USA",,2070.0,AK,Name6014530,True,True,False,High
USA,Micro,Transportation,Railroads,"Dillingham, AK, USA",,2070.0,AK,Name6014531,False,False,True,Low
USA,Micro,Transportation,Railroads,"Dillingham, AK, USA",,2070.0,AK,Name6014532,False,False,True,Medium
USA,Micro,Transportation,Railroads,"Dillingham, AK, USA",,2070.0,AK,Name6014533,True,False,False,Medium
USA,Micro,Transportation,Railroads,"Dillingham, AK, USA",,2070.0,AK,Name6014534,False,True,False,Medium
USA,Micro,Transportation,Railroads,"Dillingham, AK, USA",,2070.0,AK,Name6014535,False,False,True,Low
USA,Micro,Transportation,Railroads,"Dillingham, AK, USA",,2070.0,AK,Name6014536,False,False,True,Low
USA,Micro,Transportation,Railroads,"Dillingham, AK, USA",,2070.0,AK,Name6014537,False,False,True,Medium
USA,Micro,Transportation,Railroads,"Dillingham, AK, USA",,2070.0,AK,Name6014538,False,True,True,Medium
USA,Micro,Transportation,Railroads,"Dillingham, AK, USA",,2070.0,AK,Name6014539,True,True,False,Severe
USA,Micro,Transportation,Railroads,"Dillingham, AK, USA",,2070.0,AK,Name6014541,True,True,False,Medium
USA,Micro,Transportation,Railroads,"Dillingham, AK, USA",,2070.0,AK,Name6014542,False,True,False,Low
USA,Micro,Transportation,Railroads,"Dillingham, AK, USA",,2070.0,AK,Name6014543,False,True,True,Severe
USA,Micro,Transportation,Railroads,"Dillingham, AK, USA",,2070.0,AK,Name6014544,True,False,False,High
USA,Micro,Transportation,Railroads,"Dillingham, AK, USA",,2070.0,AK,Name6014545,True,True,False,Low
USA,Micro,Transportation,Railroads,"Dillingham, AK, USA",,2070.0,AK,Name6014547,False,True,False,Low
USA,Micro,Transportation,Railroads,"Dillingham, AK, USA",,2070.0,AK,Name6014548,False,True,False,High
USA,Micro,Transportation,Railroads,"Dillingham, AK, USA",,2070.0,AK,Name6014549,True,True,False,Low
USA,Micro,Transportation,Railroads,"Dillingham, AK, USA",,2070.0,AK,Name6014551,True,True,False,Low
USA,Micro,Transportation,Railroads,"Dillingham, AK, USA",,2070.0,AK,Name6014553,True,True,False,Severe
USA,Micro,Transportation,Railroads,"Dillingham, AK, USA",,2070.0,AK,Name6014556,True,False,False,Severe
USA,Micro,Transportation,Railroads,"Dillingham, AK, USA",,2070.0,AK,Name6014557,True,True,False,High
USA,Micro,Transportation,Railroads,"Dillingham, AK, USA",,2070.0,AK,Name6014558,True,False,False,Severe
USA,Micro,Transportation,Railroads,"Dillingham, AK, USA",,2070.0,AK,Name6014559,False,True,False,Severe
USA,Micro,Transportation,Railroads,"Dillingham, AK, USA",,2070.0,AK,Name6014561,False,False,True,Severe
USA,Micro,Transportation,Logistics,"Dillingham, AK, USA",,2070.0,AK,Name6014562,False,False,True,High
USA,Micro,Transportation,Logistics,"Dillingham, AK, USA",,2070.0,AK,Name6014563,False,False,True,Severe
USA,Micro,Transportation,Logistics,"Dillingham, AK, USA",,2070.0,AK,Name6014564,True,True,False,Medium
USA,Micro,Transportation,Logistics,"Dillingham, AK, USA",,2070.0,AK,Name6014565,False,True,True,High
USA,Micro,Transportation,Logistics,"Dillingham, AK, USA",,2070.0,AK,Name6014566,False,True,True,Low
USA,Micro,Transportation,Logistics,"Dillingham, AK, USA",,2070.0,AK,Name6014567,False,True,True,High
USA,Micro,Transportation,Logistics,"Dillingham, AK, USA",,2070.0,AK,Name6014568,True,True,False,Medium
USA,Micro,Transportation,Logistics,"Dillingham, AK, USA",,2070.0,AK,Name6014569,True,False,False,Severe
USA,Micro,Transportation,Logistics,"Dillingham, AK, USA",,2070.0,AK,Name6014570,True,False,False,Medium
USA,Micro,Transportation,Logistics,"Dillingham, AK, USA",,2070.0,AK,Name6014571,True,False,False,Medium
USA,Micro,Transportation,Logistics,"Dillingham, AK, USA",,2070.0,AK,Name6014572,False,True,True,Medium
USA,Micro,Transportation,Logistics,"Dillingham, AK, USA",,2070.0,AK,Name6014573,True,True,False,High
USA,Micro,Transportation,Logistics,"Dillingham, AK, USA",,2070.0,AK,Name6014574,False,True,False,High
USA,Micro,Transportation,Logistics,"Dillingham, AK, USA",,2070.0,AK,Name6014575,False,True,True,High
USA,Micro,Transportation,Logistics,"Dillingham, AK, USA",,2070.0,AK,Name6014576,False,True,False,Severe
USA,Micro,Transportation,Logistics,"Dillingham, AK, USA",,2070.0,AK,Name6014577,False,True,False,Medium
USA,Micro,Transportation,Logistics,"Dillingham, AK, USA",,2070.0,AK,Name6014579,True,True,False,Low
USA,Micro,Transportation,Logistics,"Dillingham, AK, USA",,2070.0,AK,Name6014580,False,True,True,High
USA,Micro,Transportation,Logistics,"Dillingham, AK, USA",,2070.0,AK,Name6014581,True,True,False,High
USA,Micro,Transportation,Logistics,"Dillingham, AK, USA",,2070.0,AK,Name6014582,False,True,False,Severe
USA,Micro,Transportation,Logistics,"Dillingham, AK, USA",,2070.0,AK,Name6014583,True,True,False,Severe
USA,Micro,Transportation,Logistics,"Dillingham, AK, USA",,2070.0,AK,Name6014584,True,False,False,Severe
USA,Micro,Transportation,Logistics,"Dillingham, AK, USA",,2070.0,AK,Name6014585,False,True,False,Severe
USA,Micro,Transportation,Logistics,"Dillingham, AK, USA",,2070.0,AK,Name6014586,True,True,False,Medium
USA,Micro,Transportation,Logistics,"Dillingham, AK, USA",,2070.0,AK,Name6014587,False,True,False,High
USA,Micro,Transportation,Logistics,"Dillingham, AK, USA",,2070.0,AK,Name6014588,False,False,True,High
